/*--------------------------------*- C++ -*----------------------------------*\
| =========                 |                                                 |
| \\      /  F ield         | OpenFOAM: The Open Source CFD Toolbox           |
|  \\    /   O peration     | Version:  5.x                                   |
|   \\  /    A nd           | Web:      www.OpenFOAM.org                      |
|    \\/     M anipulation  |                                                 |
\*---------------------------------------------------------------------------*/
/*   Windows 32 and 64 bit porting by blueCAPE: http://www.bluecape.com.pt   *\
|  Based on Windows porting (2.0.x v4) by Symscape: http://www.symscape.com   |
\*---------------------------------------------------------------------------*/
FoamFile
{
    version     2.0;
    format      ascii;
    class       volScalarField;
    location    "10";
    object      p;
}
// * * * * * * * * * * * * * * * * * * * * * * * * * * * * * * * * * * * * * //

dimensions      [0 2 -2 0 0 0 0];

internalField   nonuniform List<scalar> 
10000
(
73.3769
65.6176
60.3306
57.7715
55.9107
54.1015
52.4021
50.8836
49.5466
48.3714
47.3373
46.4233
45.6063
44.8629
44.1712
43.5135
42.8761
42.2496
41.6277
41.0066
40.3842
39.7593
39.1317
38.5015
37.8692
37.2351
36.5999
35.9641
35.3283
34.693
34.0587
33.426
32.7956
32.1679
31.5435
30.9229
30.3064
29.6944
29.0868
28.4838
27.8853
27.2915
26.7023
26.1177
25.5377
24.9625
24.392
23.8264
23.2656
22.7099
22.1591
21.6133
21.0722
20.5358
20.0038
19.4761
18.9524
18.4329
17.9176
17.4068
16.9006
16.3992
15.9024
15.4102
14.9223
14.4388
13.9593
13.4841
13.0129
12.5459
12.083
11.6242
11.1693
10.7183
10.271
9.82735
9.38723
8.95066
8.51752
8.08786
7.66167
7.23914
6.82029
6.40528
5.99409
5.58672
5.18289
4.78236
4.38481
3.99009
3.59797
3.20843
2.82138
2.43695
2.05496
1.6758
1.29888
0.925318
0.554296
0.18344
70.2019
64.2589
59.8268
57.5369
55.8139
54.0986
52.4407
50.9224
49.5687
48.3773
47.334
46.4166
45.5996
44.8574
44.1672
43.5106
42.874
42.248
41.6264
41.0055
40.3832
39.7584
39.131
38.5009
37.8687
37.2347
36.5997
35.964
35.3283
34.6931
34.059
33.4264
32.7959
32.1682
31.5438
30.9231
30.3065
29.6944
29.0868
28.4838
27.8854
27.2916
26.7024
26.1178
25.5378
24.9626
24.392
23.8264
23.2656
22.7098
22.159
21.6132
21.0721
20.5358
20.0038
19.4761
18.9524
18.4329
17.9175
17.4067
16.9004
16.399
15.9023
15.4101
14.9222
14.4387
13.9592
13.4839
13.0128
12.5458
12.0829
11.624
11.1691
10.7181
10.2708
9.82721
9.38709
8.95052
8.51737
8.08769
7.66148
7.23893
6.82007
6.40505
5.99386
5.5865
5.1827
4.78221
4.38469
3.98998
3.59786
3.2083
2.82123
2.43678
2.05474
1.67561
1.29849
0.925282
0.554404
0.183072
68.6186
63.7186
59.7782
57.5229
55.8037
54.1366
52.5195
51.0139
49.655
48.4531
47.3998
46.4744
45.6507
44.9024
44.2067
43.545
42.9038
42.2736
41.6482
41.0239
40.3985
39.771
39.1412
38.509
37.875
37.2395
36.6032
35.9665
35.33
34.6941
34.0594
33.4263
32.7954
32.1673
31.5426
30.9217
30.305
29.6928
29.0852
28.4822
27.8838
27.2901
26.7009
26.1164
25.5364
24.9613
24.3908
23.8251
23.2644
22.7087
22.1579
21.6121
21.0711
20.5348
20.0029
19.4752
18.9515
18.432
17.9167
17.4058
16.8996
16.3982
15.9015
15.4093
14.9215
14.438
13.9585
13.4833
13.0121
12.5451
12.0822
11.6233
11.1684
10.7174
10.27
9.82641
9.38628
8.9497
8.51655
8.08687
7.66067
7.23812
6.81927
6.40426
5.99309
5.58575
5.18197
4.78149
4.384
3.98931
3.59722
3.20768
2.82063
2.4362
2.05415
1.6751
1.29781
0.925175
0.55423
0.182047
67.6188
63.1369
59.5106
57.3549
55.688
54.0875
52.5309
51.0651
49.7279
48.5366
47.4875
46.5621
45.7358
44.9833
44.2825
43.6154
42.9688
42.3332
41.7026
41.0732
40.443
39.811
39.1768
38.5407
37.903
37.2642
36.625
35.9856
35.3468
34.7089
34.0723
33.4375
32.8051
32.1758
31.5499
30.9279
30.3103
29.6973
29.0889
28.4853
27.8863
27.2922
26.7026
26.1178
25.5376
24.9622
24.3915
23.8257
23.2648
22.7089
22.158
21.6121
21.071
20.5346
20.0026
19.4748
18.951
18.4315
17.9161
17.4052
16.899
16.3976
15.9008
15.4086
14.9208
14.4373
13.9578
13.4826
13.0113
12.5443
12.0813
11.6224
11.1673
10.7162
10.2688
9.82513
9.38495
8.94834
8.51517
8.08549
7.6593
7.23678
6.81796
6.40297
5.99181
5.58448
5.18069
4.78021
4.38273
3.98808
3.59602
3.20654
2.81955
2.4352
2.05318
1.67429
1.29691
0.924904
0.554279
0.18118
66.826
62.5099
59.1097
57.0991
55.5225
54.0003
52.5115
51.0953
49.7904
48.6187
47.5807
46.6605
45.8349
45.0802
44.3753
43.7031
43.0509
42.4095
41.773
41.1379
40.5022
39.8649
39.2258
38.585
37.943
37.3004
36.6576
36.015
35.3733
34.7329
34.094
33.4572
32.8231
32.1921
31.5647
30.9414
30.3226
29.7084
29.099
28.4944
27.8946
27.2997
26.7095
26.1241
25.5434
24.9676
24.3965
23.8302
23.2689
22.7127
22.1614
21.6152
21.0737
20.537
20.0047
19.4767
18.9527
18.433
17.9176
17.4066
16.9003
16.3987
15.9018
15.4095
14.9215
14.4378
13.9583
13.4828
13.0115
12.5443
12.0812
11.622
11.1668
10.7155
10.2679
9.82399
9.3837
8.94699
8.51377
8.08406
7.65788
7.23538
6.81658
6.40159
5.99043
5.58306
5.17921
4.77867
4.38116
3.98651
3.59451
3.2051
2.81821
2.434
2.05206
1.6734
1.29597
0.924553
0.554413
0.180496
66.2085
61.9869
58.7478
56.8737
55.3919
53.9416
52.5116
51.14
49.866
48.7147
47.6893
46.7759
45.9527
45.1971
44.4888
43.8117
43.1536
42.506
41.8632
41.2219
40.5801
39.9371
39.2926
38.6469
38.0003
37.3535
36.7068
36.0609
35.4161
34.7729
34.1316
33.4927
32.8566
32.2239
31.595
30.9702
30.3499
29.7344
29.1236
28.5178
27.9169
27.3209
26.7297
26.1434
25.5618
24.9852
24.4134
23.8465
23.2845
22.7276
22.1756
21.6286
21.0864
20.5491
20.0161
19.4874
18.963
18.4429
17.927
17.4157
16.909
16.407
15.9096
15.4168
14.9283
14.4442
13.9641
13.4883
13.0165
12.5489
12.0853
11.6257
11.17
10.7182
10.2702
9.82589
9.38524
8.94827
8.51481
8.08493
7.65862
7.23603
6.81713
6.40204
5.99073
5.58317
5.17911
4.77838
4.38071
3.98597
3.59393
3.20456
2.81773
2.43363
2.05176
1.67331
1.29579
0.924864
0.555182
0.180486
65.7621
61.6056
58.4655
56.6866
55.2791
53.8828
52.4923
51.1501
49.897
48.7601
47.744
46.8357
46.0141
45.2572
44.5454
43.8634
43.1994
42.5455
41.8964
41.249
40.6016
39.9534
39.3042
38.6544
38.0042
37.3543
36.705
36.0569
35.4104
34.7658
34.1235
33.4839
32.8474
32.2145
31.5855
30.9607
30.3404
29.7249
29.1142
28.5085
27.9076
27.3118
26.7208
26.1348
25.5536
24.9773
24.4059
23.8393
23.2777
22.721
22.1693
21.6226
21.0806
20.5434
20.0106
19.4822
18.9581
18.4384
17.923
17.412
16.9057
16.4039
15.9067
15.414
14.9256
14.4415
13.9615
13.4857
13.014
12.5463
12.0827
11.6229
11.1671
10.7152
10.267
9.82265
9.38198
8.945
8.51161
8.08183
7.65569
7.23325
6.81451
6.39953
5.98828
5.5807
5.17659
4.7758
4.37813
3.98342
3.59151
3.20231
2.81572
2.43189
2.05026
1.67213
1.29463
0.924238
0.55509
0.18021
65.4695
61.3513
58.2927
56.6129
55.2967
53.9657
52.6162
51.2998
50.0631
48.9363
47.9255
47.0185
46.1948
45.4326
44.713
44.021
43.3457
42.6798
42.0185
41.3591
40.7002
40.0412
39.3821
38.7232
38.0649
37.4076
36.7519
36.0981
35.4466
34.7978
34.1519
33.5093
32.8703
32.2354
31.6047
30.9785
30.3571
29.7406
29.1291
28.5226
27.9212
27.3248
26.7335
26.1472
25.5659
24.9895
24.418
23.8515
23.2899
22.7333
22.1816
21.6347
21.0927
20.5553
20.0224
19.494
18.9699
18.4502
17.9349
17.4241
16.9177
16.4159
15.9185
15.4255
14.9368
14.4523
13.972
13.4958
13.0237
12.5556
12.0914
11.6312
11.1748
10.7224
10.2737
9.8289
9.38784
8.95049
8.51683
8.08684
7.66054
7.23794
6.81906
6.40388
5.99239
5.5845
5.18006
4.77894
4.38098
3.98604
3.59398
3.20473
2.81814
2.43436
2.05276
1.67474
1.29704
0.926827
0.557493
0.181615
65.4041
61.0957
57.901
56.2141
54.9716
53.7262
52.4495
51.1902
49.9961
48.8991
47.9086
47.0156
46.2015
45.4458
44.73
44.0396
43.3643
42.6969
42.0331
41.3704
40.7077
40.0447
39.3814
38.7183
38.0559
37.3948
36.7355
36.0784
35.4239
34.7724
34.1242
33.4797
32.8391
32.2029
31.5711
30.9441
30.3219
29.7048
29.0928
28.4859
27.8842
27.2877
26.6963
26.1101
25.529
24.953
24.382
23.816
23.255
22.6989
22.1478
21.6017
21.0603
20.5236
19.9915
19.4639
18.9407
18.4221
17.9078
17.398
16.8927
16.3918
15.8953
15.4031
14.9152
14.4315
13.9519
13.4764
13.0049
12.5374
12.0738
11.6141
11.1583
10.7063
10.2582
9.81389
9.37336
8.93657
8.50351
8.07414
7.64848
7.22651
6.80824
6.39361
5.98262
5.57514
5.1711
4.77034
4.37277
3.97823
3.58665
3.19789
2.81187
2.42864
2.04763
1.67015
1.29303
0.92315
0.554221
0.180483
66.7349
62.0667
58.5229
56.6036
55.2172
53.8981
52.5975
51.3403
50.1566
49.0699
48.0866
47.197
46.3821
45.6215
44.897
44.1947
43.505
42.8219
42.1419
41.4633
40.7854
40.1081
39.4319
38.7574
38.0851
37.4154
36.7489
36.0859
35.4267
34.7715
34.1206
33.4741
32.8324
32.1955
31.5635
30.9366
30.315
29.6984
29.0872
28.4811
27.8804
27.2848
26.6946
26.1094
25.5294
24.9543
24.3844
23.8194
23.2594
22.7042
22.154
21.6085
21.0679
20.5317
20.0003
19.4733
18.9508
18.4326
17.919
17.4096
16.9048
16.4042
15.9079
15.4158
14.928
14.4443
13.9647
13.4891
13.0176
12.5499
12.0862
11.6264
11.1704
10.7182
10.2699
9.8254
9.38473
8.94775
8.5146
8.08509
7.65937
7.23725
6.81887
6.40406
5.99289
5.58516
5.1809
4.77989
4.38214
3.98742
3.59574
3.2069
2.82091
2.4376
2.0568
1.67874
1.3026
0.929761
0.557764
0.185933
70.2039
64.2605
59.8291
57.538
55.8133
54.0973
52.4396
50.9216
49.5681
48.3769
47.3336
46.4162
45.5993
44.8571
44.1669
43.5104
42.8739
42.2479
41.6264
41.0055
40.3832
39.7584
39.131
38.5009
37.8687
37.2348
36.5997
35.964
35.3284
34.6932
34.059
33.4264
32.7959
32.1682
31.5438
30.9231
30.3066
29.6945
29.0869
28.4839
27.8854
27.2917
26.7024
26.1178
25.5378
24.9626
24.3921
23.8264
23.2656
22.7099
22.1591
21.6132
21.0722
20.5359
20.0039
19.4762
18.9524
18.4329
17.9176
17.4067
16.9004
16.399
15.9022
15.41
14.9222
14.4386
13.9592
13.4839
13.0127
12.5458
12.0829
11.624
11.1691
10.7182
10.2709
9.82725
9.38712
8.95055
8.51739
8.0877
7.66149
7.23894
6.82007
6.40506
5.99387
5.58652
5.18272
4.78222
4.3847
3.98998
3.59786
3.2083
2.82122
2.43677
2.05473
1.6756
1.29849
0.925278
0.554399
0.183066
66.9093
62.6922
59.253
57.3678
55.7934
54.1555
52.5299
51.0132
49.6479
48.4426
47.3871
46.4598
45.6346
44.8856
44.1897
43.5285
42.8883
42.2595
41.6358
41.0132
40.3896
39.7639
39.1357
38.5051
37.8725
37.2384
36.6031
35.9674
35.3317
34.6965
34.0623
33.4297
32.7991
32.1713
31.5467
30.9259
30.3091
29.6968
29.0891
28.4859
27.8874
27.2935
26.7042
26.1196
25.5395
24.9642
24.3936
23.8278
23.2669
22.7111
22.1602
21.6143
21.0732
20.5369
20.0049
19.4772
18.9535
18.4339
17.9185
17.4075
16.9012
16.3996
15.9028
15.4106
14.9227
14.4391
13.9597
13.4844
13.0132
12.5462
12.0833
11.6244
11.1695
10.7185
10.2712
9.82753
9.38741
8.9508
8.51764
8.08792
7.66171
7.2391
6.82022
6.40514
5.99394
5.58653
5.18272
4.7822
4.38472
3.99001
3.59792
3.20835
2.8213
2.43684
2.0548
1.67574
1.29809
0.926487
0.554569
0.181674
65.3604
62.2369
59.3367
57.4419
55.8355
54.2297
52.6447
51.1493
49.787
48.5742
47.5064
46.5653
45.7265
44.9647
44.2573
43.586
42.9371
42.3007
41.6704
41.0422
40.4138
39.7839
39.1522
38.5185
37.8834
37.2471
36.6102
35.973
35.3362
34.7002
34.0653
33.432
32.801
32.1728
31.5478
30.9266
30.3096
29.6971
29.0892
28.486
27.8874
27.2935
26.7042
26.1195
25.5395
24.9642
24.3936
23.8278
23.2669
22.7111
22.1602
21.6143
21.0732
20.5369
20.0049
19.4772
18.9534
18.4338
17.9184
17.4074
16.901
16.3994
15.9025
15.4103
14.9224
14.4389
13.9594
13.4841
13.013
12.546
12.083
11.6241
11.1691
10.7181
10.2707
9.82705
9.38693
8.95031
8.51714
8.0874
7.66119
7.23856
6.81966
6.40454
5.99333
5.58589
5.18208
4.78156
4.38413
3.98946
3.59744
3.20792
2.82094
2.43652
2.05444
1.67541
1.29736
0.926928
0.553779
0.179672
64.3835
61.758
59.1324
57.2857
55.6996
54.1522
52.6315
51.1844
49.8528
48.6578
47.5992
46.6613
45.8217
45.0565
44.3442
43.6671
43.012
42.3693
41.7328
41.0986
40.4644
39.8291
39.1923
38.554
37.9146
37.2745
36.6342
35.9941
35.3547
34.7164
34.0796
33.4446
32.812
32.1824
31.5563
30.934
30.3161
29.7027
29.0941
28.4902
27.891
27.2967
26.707
26.122
25.5417
24.9662
24.3954
23.8294
23.2683
22.7123
22.1612
21.6151
21.0739
20.5374
20.0054
19.4775
18.9537
18.434
17.9185
17.4074
16.901
16.3994
15.9024
15.4101
14.9222
14.4386
13.9592
13.4838
13.0126
12.5456
12.0825
11.6235
11.1685
10.7173
10.2698
9.82608
9.38588
8.94921
8.516
8.08625
7.66002
7.2374
6.81849
6.40339
5.99217
5.58472
5.18088
4.78037
4.38294
3.98832
3.59635
3.20691
2.82
2.43568
2.05361
1.67481
1.29649
0.927538
0.554137
0.178106
63.5906
61.1128
58.7186
57.0182
55.5129
54.0419
52.5945
51.205
49.913
48.743
47.6987
46.7675
45.929
45.1613
44.4441
43.761
43.0992
42.4498
41.8065
41.1657
40.5252
39.884
39.2416
38.5981
37.954
37.3096
36.6654
36.0218
35.3794
34.7384
34.0992
33.4622
32.8279
32.1967
31.5692
30.9457
30.3267
29.7123
29.1027
28.498
27.8981
27.303
26.7128
26.1273
25.5466
24.9707
24.3996
23.8333
23.2719
22.7156
22.1643
21.6179
21.0764
20.5397
20.0073
19.4793
18.9553
18.4355
17.9199
17.4088
16.9023
16.4006
15.9035
15.411
14.9229
14.4392
13.9596
13.4842
13.0129
12.5457
12.0824
11.6233
11.168
10.7166
10.269
9.82503
9.3847
8.94793
8.51464
8.08487
7.65863
7.23603
6.81714
6.40206
5.99081
5.58333
5.17942
4.77885
4.38138
3.98677
3.59484
3.2055
2.81868
2.43452
2.05253
1.67404
1.29551
0.928033
0.554664
0.176756
62.9713
60.5804
58.3501
56.7924
55.3793
53.9795
52.5942
51.254
49.9971
48.8501
47.8195
46.895
46.0581
45.2882
44.5666
43.8774
43.2089
42.5524
41.9021
41.2546
40.6076
39.9603
39.3122
38.6635
38.0145
37.3657
36.7174
36.0703
35.4246
34.7806
34.1388
33.4994
32.863
32.23
31.6007
30.9756
30.3551
29.7393
29.1283
28.5223
27.9211
27.325
26.7337
26.1473
25.5657
24.989
24.4172
23.8502
23.2881
22.7311
22.1791
21.632
21.0898
20.5524
20.0194
19.4907
18.9662
18.446
17.93
17.4185
16.9117
16.4095
15.912
15.419
14.9305
14.4462
13.9662
13.4903
13.0185
12.5508
12.0872
11.6275
11.1717
10.7199
10.2718
9.82742
9.38673
8.94964
8.51612
8.08614
7.65977
7.23705
6.81806
6.40285
5.99146
5.58377
5.17965
4.77886
4.38122
3.98648
3.5945
3.20516
2.8184
2.43434
2.05242
1.67421
1.29545
0.929353
0.556088
0.17631
62.5264
60.1987
58.0652
56.6021
55.2607
53.9129
52.5678
51.2583
50.0234
48.8909
47.8688
46.9481
46.1114
45.339
44.6128
43.9182
43.2436
42.581
41.9249
41.2719
40.6201
39.9685
39.3166
38.6647
38.0129
37.3617
36.7116
36.0628
35.4158
34.7709
34.1283
33.4885
32.8518
32.2187
31.5895
30.9646
30.3441
29.7284
29.1175
28.5116
27.9106
27.3146
26.7234
26.1373
25.556
24.9797
24.4081
23.8415
23.2798
22.7232
22.1714
21.6246
21.0826
20.5453
20.0125
19.4842
18.96
18.4402
17.9248
17.4138
16.9073
16.4055
15.9082
15.4154
14.9269
14.4428
13.9628
13.487
13.0153
12.5476
12.0839
11.6241
11.1683
10.7163
10.2681
9.82369
9.38298
8.94592
8.51249
8.08265
7.65646
7.23393
6.81513
6.40006
5.98875
5.58107
5.17692
4.77608
4.37843
3.98372
3.59187
3.20271
2.8162
2.43242
2.05076
1.67297
1.29409
0.929423
0.556473
0.175584
62.2339
59.9449
57.9043
56.5467
55.3014
54.0213
52.7193
51.4367
50.2178
49.093
48.0725
47.1487
46.3053
45.5234
44.786
44.0787
43.3909
42.7151
42.0461
41.3808
40.7175
40.0553
39.3938
38.7332
38.0737
37.4156
36.7593
36.1052
35.4534
34.8044
34.1584
33.5157
32.8766
32.2416
31.6107
30.9844
30.3628
29.7461
29.1343
28.5276
27.9259
27.3293
26.7378
26.1513
25.5698
24.9934
24.4218
23.8552
23.2935
22.7367
22.1849
21.638
21.0958
20.5584
20.0255
19.497
18.9729
18.4532
17.9378
17.4269
16.9204
16.4185
15.921
15.428
14.9392
14.4547
13.9743
13.4981
13.0259
12.5577
12.0935
11.6332
11.1768
10.7243
10.2756
9.83065
9.38951
8.95209
8.51836
8.08829
7.66192
7.23923
6.82028
6.40501
5.99345
5.58544
5.18095
4.77974
4.38177
3.9868
3.59477
3.20551
2.81897
2.43522
2.05357
1.67589
1.29656
0.932717
0.55933
0.177006
62.1442
59.5516
57.3756
56.0764
54.9484
53.7664
52.5409
51.3193
50.1474
49.0565
48.0595
47.1513
46.318
45.5421
44.8075
44.1008
43.4118
42.7335
42.0612
41.3921
40.7246
40.058
39.3922
38.7273
38.0636
37.4016
36.7417
36.0841
35.4294
34.7776
34.1293
33.4846
32.844
32.2076
31.5757
30.9485
30.3262
29.7089
29.0967
28.4897
27.8878
27.2911
26.6996
26.1133
25.5321
24.956
24.3849
23.8188
23.2577
22.7016
22.1504
21.6042
21.0627
20.5259
19.9937
19.4661
18.9429
18.4242
17.9099
17.4001
16.8947
16.3938
15.8972
15.405
14.917
14.4332
13.9535
13.478
13.0064
12.5389
12.0752
11.6155
11.1596
10.7076
10.2594
9.81501
9.37445
8.93757
8.50449
8.07503
7.64936
7.2273
6.80901
6.3943
5.98328
5.57571
5.17166
4.77082
4.37328
3.97869
3.58717
3.19839
2.81245
2.42926
2.04826
1.6712
1.29238
0.928997
0.555243
0.175028
63.5393
60.7462
58.1281
56.4671
55.144
53.8832
52.6425
51.4338
50.282
49.2088
48.2237
47.3213
46.488
45.707
44.963
44.2434
43.5392
42.8445
42.1554
41.4698
40.7868
40.1059
39.4273
38.7512
38.078
37.4079
36.7413
36.0785
35.4195
34.7647
34.1142
33.4682
32.8269
32.1904
31.5588
30.9323
30.3109
29.6947
29.0836
28.4779
27.8773
27.282
26.6919
26.1069
25.527
24.9523
24.3824
23.8176
23.2577
22.7028
22.1526
21.6073
21.0666
20.5307
19.9993
19.4725
18.95
18.432
17.9184
17.4092
16.9043
16.4039
15.9076
15.4157
14.9278
14.4442
13.9646
13.4891
13.0176
12.55
12.0863
11.6265
11.1705
10.7184
10.27
9.82555
9.38484
8.94791
8.51472
8.08526
7.6595
7.23742
6.81901
6.40422
5.99303
5.58532
5.18105
4.78007
4.38233
3.98766
3.596
3.20722
2.82125
2.43802
2.05728
1.67945
1.30303
0.931482
0.558125
0.184242
68.6233
63.7226
59.7844
57.527
55.804
54.1347
52.5173
51.0123
49.6538
48.4521
47.3989
46.4733
45.6496
44.9014
44.2057
43.5442
42.9032
42.2731
41.6479
41.0236
40.3983
39.7708
39.141
38.5089
37.8749
37.2395
36.6032
35.9665
35.33
34.6941
34.0593
33.4263
32.7954
32.1673
31.5426
30.9217
30.305
29.6928
29.0852
28.4822
27.8838
27.2901
26.7009
26.1164
25.5365
24.9613
24.3908
23.8252
23.2645
22.7088
22.1581
21.6123
21.0713
20.535
20.0031
19.4754
18.9516
18.4321
17.9167
17.4058
16.8996
16.3981
15.9014
15.4092
14.9213
14.4378
13.9584
13.4831
13.012
12.545
12.0822
11.6233
11.1684
10.7174
10.2702
9.82653
9.3864
8.9498
8.51662
8.08692
7.6607
7.23815
6.8193
6.4043
5.99315
5.58582
5.18205
4.78157
4.38408
3.98937
3.59727
3.20771
2.82065
2.4362
2.05415
1.6751
1.29782
0.925191
0.554242
0.182048
65.3636
62.2393
59.3413
57.4454
55.8364
54.2288
52.6433
51.148
49.7859
48.5732
47.5054
46.5643
45.7256
44.9638
44.2566
43.5854
42.9366
42.3002
41.6701
41.0419
40.4135
39.7837
39.152
38.5184
37.8833
37.247
36.6101
35.973
35.3362
34.7001
34.0652
33.432
32.801
32.1727
31.5478
30.9266
30.3096
29.6971
29.0892
28.4859
27.8873
27.2935
26.7042
26.1195
25.5395
24.9642
24.3936
23.8279
23.267
22.7111
22.1603
21.6144
21.0733
20.537
20.005
19.4772
18.9535
18.4339
17.9184
17.4074
16.901
16.3994
15.9025
15.4102
14.9223
14.4387
13.9593
13.4841
13.0129
12.5459
12.083
11.6241
11.1691
10.7181
10.2708
9.82713
9.38701
8.95038
8.5172
8.08745
7.66122
7.23858
6.81968
6.40458
5.99337
5.58593
5.18213
4.78162
4.3842
3.98953
3.59751
3.20798
2.82098
2.43654
2.05446
1.67543
1.29736
0.926935
0.553789
0.179677
63.8014
61.8477
59.5636
57.6259
55.9458
54.3513
52.8036
51.3378
49.9898
48.7765
47.6972
46.7377
45.8776
45.0942
44.3668
43.6778
43.0136
42.3644
41.7234
41.0862
40.4504
39.8143
39.1773
38.5394
37.9006
37.2613
36.622
35.9829
35.3445
34.7071
34.0712
33.4371
32.8054
32.1765
31.551
30.9294
30.312
29.6991
29.0909
28.4874
27.8886
27.2946
26.7052
26.1205
25.5404
24.9651
24.3944
23.8286
23.2677
22.7118
22.1609
21.615
21.0739
20.5375
20.0056
19.4778
18.954
18.4344
17.9188
17.4077
16.9012
16.3995
15.9025
15.4101
14.9222
14.4386
13.9592
13.4839
13.0128
12.5458
12.0828
11.6239
11.1689
10.7178
10.2705
9.8268
9.38668
8.95004
8.51683
8.08707
7.66082
7.23814
6.81917
6.40401
5.99272
5.58522
5.18137
4.78088
4.38351
3.98894
3.59702
3.20763
2.82072
2.43636
2.05418
1.67513
1.29637
0.92768
0.551503
0.17595
62.8255
61.4035
59.4276
57.5132
55.8159
54.2604
52.7735
51.3612
50.0526
48.8654
47.8011
46.8481
45.9883
45.2013
44.4679
43.7717
43.1
42.4433
41.795
41.1509
40.5085
39.8663
39.2237
38.5806
37.9372
37.2938
36.6507
36.0084
35.3671
34.7273
34.0892
33.4533
32.8198
32.1895
31.5627
30.9398
30.3213
29.7074
29.0983
28.494
27.8945
27.2998
26.7099
26.1248
25.5443
24.9687
24.3978
23.8317
23.2705
22.7144
22.1632
21.6171
21.0758
20.5393
20.0071
19.4792
18.9553
18.4355
17.9199
17.4086
16.902
16.4001
15.903
15.4105
14.9225
14.4389
13.9594
13.4841
13.0129
12.5458
12.0827
11.6237
11.1686
10.7174
10.2699
9.82616
9.38593
8.94922
8.51594
8.08615
7.65984
7.23714
6.81813
6.40295
5.9916
5.58406
5.18014
4.77965
4.38228
3.98778
3.59594
3.20668
2.81986
2.43563
2.05344
1.67464
1.29542
0.929075
0.551198
0.172815
62.027
60.7496
59.0235
57.2616
55.6314
54.1434
52.7306
51.3818
50.1197
48.9635
47.9174
46.9728
46.1143
45.3236
44.5835
43.879
43.1983
42.5324
41.8753
41.2228
40.5726
39.9233
39.2741
38.6251
37.9763
37.3281
36.6808
36.0348
35.3903
34.7478
34.1073
33.4692
32.834
32.2022
31.574
30.95
30.3304
29.7156
29.1056
28.5005
27.9003
27.305
26.7146
26.129
25.5482
24.9722
24.4011
23.8348
23.2734
22.717
22.1657
21.6193
21.0778
20.541
20.0086
19.4805
18.9565
18.4366
17.921
17.4097
16.903
16.4011
15.9038
15.4112
14.923
14.4392
13.9597
13.4842
13.0129
12.5457
12.0825
11.6233
11.168
10.7166
10.269
9.82499
9.38465
8.94779
8.51448
8.08462
7.65834
7.23562
6.81667
6.40145
5.99012
5.58249
5.17854
4.77795
4.38058
3.98606
3.59432
3.20513
2.81849
2.43438
2.05233
1.67385
1.29429
0.930456
0.551275
0.169921
61.399
60.2037
58.6538
57.0479
55.5089
54.0894
52.7408
51.446
50.2238
49.0938
48.0631
47.1253
46.2672
45.4726
44.7257
44.0128
43.3229
42.6478
41.9818
41.3211
40.6631
40.0067
39.3511
38.6962
38.0422
37.3893
36.7378
36.0879
35.44
34.7944
34.1511
33.5106
32.8732
32.2394
31.6094
30.9837
30.3625
29.7461
29.1346
28.528
27.9265
27.3299
26.7383
26.1516
25.5698
24.993
24.4209
23.8539
23.2917
22.7346
22.1824
21.6353
21.093
20.5555
20.0224
19.4936
18.969
18.4487
17.9326
17.421
16.9139
16.4116
15.9138
15.4207
14.932
14.4477
13.9675
13.4916
13.0198
12.5521
12.0884
11.6286
11.1728
10.7209
10.2728
9.82835
9.38757
8.9504
8.51677
8.08671
7.66023
7.2374
6.81828
6.40294
5.9914
5.58357
5.17934
4.77851
4.3809
3.98624
3.5944
3.20521
2.81857
2.43459
2.05256
1.67446
1.29445
0.933277
0.552899
0.16841
60.9479
59.8156
58.3679
56.8633
55.3942
54.0235
52.7138
51.4498
50.2492
49.1325
48.1082
47.1717
46.311
45.5113
44.7578
44.0378
43.3409
42.6594
41.9878
41.3222
40.6605
40.001
39.3431
38.6866
38.0314
37.3776
36.7256
36.0754
35.4274
34.7817
34.1386
33.4984
32.8615
32.228
31.5985
30.9732
30.3524
29.7362
29.1249
28.5185
27.917
27.3205
26.7289
26.1424
25.5607
24.984
24.4122
23.8453
23.2833
22.7264
22.1744
21.6274
21.0852
20.5477
20.0148
19.4862
18.962
18.442
17.9264
17.4153
16.9086
16.4066
15.9091
15.4161
14.9275
14.4433
13.9632
13.4873
13.0156
12.5478
12.0841
11.6243
11.1684
10.7164
10.2682
9.82371
9.38296
8.94585
8.51236
8.08246
7.65622
7.23361
6.81474
6.39957
5.98815
5.58036
5.17614
4.77528
4.37767
3.98306
3.59134
3.20235
2.81597
2.43232
2.05056
1.673
1.29268
0.934409
0.553189
0.16659
60.6487
59.5587
58.217
56.8289
55.4592
54.1587
52.8948
51.6597
50.4752
49.3641
48.3371
47.3917
46.518
45.7024
44.9318
44.1943
43.4804
42.7828
42.0964
41.4176
40.744
40.0743
39.4076
38.7434
38.0817
37.4223
36.7655
36.1112
35.4597
34.8111
34.1656
33.5234
32.8849
32.2502
31.6197
30.9935
30.372
29.7552
29.1433
28.5364
27.9344
27.3375
26.7457
26.1588
25.577
25.0001
24.4282
23.8612
23.2992
22.7421
22.19
21.6427
21.1003
20.5626
20.0295
19.5007
18.9765
18.4565
17.941
17.4299
16.9233
16.4212
15.9235
15.4302
14.9413
14.4566
13.9761
13.4997
13.0275
12.5592
12.0949
11.6345
11.178
10.7254
10.2767
9.83167
9.39051
8.95297
8.51922
8.08905
7.66266
7.23986
6.82086
6.40546
5.99383
5.58568
5.18114
4.77986
4.38193
3.98697
3.59508
3.20592
2.81953
2.43588
2.05412
1.67662
1.2955
0.938971
0.556122
0.167631
60.5428
59.0851
57.5889
56.3003
55.0842
53.8989
52.7217
51.5573
50.4285
49.3579
48.3581
47.4291
46.5637
45.7509
44.979
44.2377
43.5184
42.8148
42.1219
41.4368
40.7571
40.0815
39.4093
38.7401
38.0737
37.41
36.7491
36.0912
35.4364
34.7849
34.1367
33.4923
32.8518
32.2155
31.5836
30.9564
30.334
29.7165
29.1039
28.4965
27.8942
27.2972
26.7052
26.1185
25.5368
24.9604
24.3888
23.8225
23.261
22.7047
22.1532
21.6067
21.0649
20.528
19.9956
19.4678
18.9445
18.4257
17.9113
17.4014
16.8958
16.3948
15.8981
15.4058
14.9176
14.4338
13.954
13.4784
13.0067
12.5391
12.0753
11.6155
11.1596
10.7075
10.2593
9.81486
9.37417
8.93732
8.50411
8.0747
7.64891
7.22689
6.80849
6.3938
5.98266
5.57513
5.17098
4.77024
4.37266
3.97827
3.58679
3.19831
2.81249
2.42971
2.04873
1.67236
1.29165
0.935869
0.551533
0.16435
61.9564
60.3292
58.2831
56.5861
55.172
53.9179
52.7396
51.6027
50.5071
49.4649
48.4847
47.5668
46.7049
45.8894
45.11
44.3575
43.6247
42.9061
42.198
41.4978
40.8038
40.1151
39.4311
38.7514
38.076
37.4046
36.7375
36.0745
35.4158
34.7612
34.1111
33.4654
32.8245
32.1881
31.5568
30.9303
30.309
29.6927
29.0817
28.4757
27.8751
27.2796
26.6895
26.1043
25.5244
24.9495
24.3797
23.8148
23.255
22.6999
22.1499
21.6045
21.0641
20.5281
19.9969
19.47
18.9478
18.4298
17.9164
17.4072
16.9026
16.4021
15.9061
15.4141
14.9265
14.4428
13.9634
13.4879
13.0165
12.5489
12.0853
11.6255
11.1697
10.7175
10.2693
9.82476
9.38415
8.94717
8.51407
8.08455
7.65888
7.23676
6.81843
6.4036
5.99249
5.58477
5.18062
4.77967
4.38209
3.98751
3.59607
3.20746
2.8218
2.4389
2.05858
1.68133
1.30504
0.934927
0.559541
0.182059
67.6263
63.1438
59.5196
57.3607
55.6882
54.0844
52.5274
51.0624
49.7261
48.5352
47.4861
46.5605
45.734
44.9815
44.2808
43.6139
42.9674
42.3321
41.7016
41.0723
40.4422
39.8103
39.1762
38.5402
37.9027
37.264
36.6248
35.9855
35.3467
34.7088
34.0722
33.4375
32.8051
32.1757
31.5498
30.9279
30.3102
29.6972
29.0888
28.4852
27.8863
27.2921
26.7026
26.1178
25.5376
24.9623
24.3916
23.8259
23.265
22.7092
22.1583
21.6125
21.0714
20.535
20.0029
19.4751
18.9513
18.4316
17.9162
17.4053
16.8989
16.3974
15.9006
15.4083
14.9204
14.4369
13.9575
13.4822
13.0111
12.5441
12.0812
11.6224
11.1675
10.7164
10.2691
9.82542
9.38524
8.94859
8.51536
8.08562
7.6594
7.23687
6.81805
6.40309
5.99198
5.58467
5.18091
4.78044
4.38295
3.98826
3.59618
3.20665
2.81963
2.43525
2.0532
1.67432
1.29696
0.924962
0.554334
0.1812
64.3898
61.7633
59.1409
57.2918
55.7004
54.1495
52.6279
51.1811
49.8502
48.6557
47.5973
46.6596
45.82
45.0548
44.3426
43.6657
43.0107
42.3682
41.7319
41.0978
40.4637
39.8284
39.1917
38.5535
37.9142
37.2743
36.634
35.994
35.3546
34.7163
34.0794
33.4445
32.8119
32.1823
31.5562
30.9339
30.316
29.7026
29.0939
28.49
27.8909
27.2966
26.7069
26.1219
25.5416
24.9661
24.3954
23.8294
23.2684
22.7124
22.1614
21.6154
21.0742
20.5378
20.0057
19.4778
18.9539
18.4342
17.9186
17.4074
16.9009
16.3992
15.9022
15.4098
14.9219
14.4383
13.9588
13.4835
13.0124
12.5454
12.0824
11.6235
11.1685
10.7174
10.2701
9.82633
9.38614
8.94944
8.51619
8.08639
7.66012
7.23748
6.81857
6.40349
5.99229
5.58487
5.18106
4.78058
4.38316
3.98853
3.59654
3.20707
2.82011
2.43575
2.05366
1.67484
1.29652
0.927578
0.554176
0.178126
62.8292
61.4068
59.4326
57.5166
55.8159
54.258
52.7703
51.3582
50.05
48.8634
47.7995
46.8468
45.9872
45.2003
44.4671
43.771
43.0994
42.4428
41.7946
41.1505
40.5082
39.866
39.2235
38.5804
37.937
37.2936
36.6506
36.0083
35.3671
34.7273
34.0892
33.4532
32.8198
32.1894
31.5626
30.9397
30.3212
29.7073
29.0982
28.4939
27.8944
27.2998
26.7099
26.1247
25.5443
24.9687
24.3978
23.8317
23.2706
22.7145
22.1634
21.6173
21.076
20.5395
20.0074
19.4794
18.9555
18.4357
17.92
17.4087
16.902
16.4
15.9029
15.4103
14.9223
14.4386
13.9592
13.4839
13.0127
12.5456
12.0826
11.6237
11.1686
10.7175
10.2701
9.82634
9.38611
8.94938
8.51607
8.08625
7.65991
7.23719
6.81816
6.40299
5.99166
5.58415
5.18026
4.7798
4.38245
3.98795
3.59609
3.2068
2.81994
2.43568
2.05347
1.67465
1.29542
0.929086
0.55122
0.17283
61.8581
60.9828
59.3492
57.4443
55.69
54.1459
52.71
51.3532
50.0914
48.9388
47.8964
46.9546
46.098
45.3087
44.57
43.8669
43.1877
42.5235
41.868
41.2173
40.5686
39.9207
39.2728
38.625
37.9773
37.33
36.6835
36.0382
35.3943
34.7522
34.1121
33.4743
32.8393
32.2075
31.5793
30.9552
30.3355
29.7205
29.1103
28.5051
27.9047
27.3093
26.7187
26.133
25.552
24.9759
24.4046
23.8382
23.2767
22.7203
22.1688
21.6223
21.0808
20.5439
20.0115
19.4833
18.9592
18.4391
17.9231
17.4116
16.9047
16.4025
15.905
15.4123
14.924
14.4402
13.9606
13.4851
13.0139
12.5467
12.0836
11.6245
11.1693
10.718
10.2704
9.82646
9.38613
8.94924
8.51585
8.08588
7.65948
7.23663
6.81755
6.40223
5.99082
5.58317
5.17924
4.7787
4.3814
3.98694
3.59524
3.20606
2.81939
2.43523
2.05306
1.67452
1.29468
0.931717
0.550961
0.168458
61.0614
60.3385
58.9692
57.2143
55.5068
54.0136
52.647
51.3569
50.149
49.0352
48.0176
47.0889
46.236
45.444
44.6982
43.9856
43.2958
42.6206
41.9545
41.2937
40.6357
39.9793
39.3239
38.6693
38.0157
37.3633
36.7124
36.0632
35.4162
34.7713
34.1289
33.4893
32.8527
32.2197
31.5904
30.9653
30.3448
29.729
29.1181
28.5122
27.9112
27.3153
26.7242
26.1381
25.5569
24.9805
24.409
23.8424
23.2807
22.7241
22.1723
21.6257
21.0839
20.5468
20.0141
19.4858
18.9614
18.4413
17.9253
17.4137
16.9066
16.4043
15.9067
15.4138
14.9253
14.4413
13.9615
13.486
13.0145
12.5472
12.0839
11.6246
11.1692
10.7177
10.2699
9.8258
9.38525
8.94827
8.51474
8.08475
7.65827
7.23543
6.81628
6.40096
5.98945
5.58174
5.17768
4.7771
4.37973
3.98534
3.59369
3.2047
2.81815
2.43424
2.05213
1.67414
1.29364
0.934597
0.551288
0.164416
60.4306
59.7932
58.6111
57.0195
55.3957
53.9623
52.6568
51.423
50.2596
49.1771
48.179
47.2596
46.4085
45.6125
44.8589
44.1364
43.4356
42.7493
42.0725
41.4015
40.7343
40.0695
39.4065
38.7452
38.0856
37.4278
36.7721
36.1188
35.468
34.8199
34.1746
33.5325
32.8937
32.2586
31.6276
31.0009
30.3788
29.7615
29.1492
28.5418
27.9396
27.3423
26.7501
26.1629
25.5807
25.0034
24.431
23.8636
23.3011
22.7436
22.1912
21.6437
21.1011
20.5632
20.0299
19.5008
18.976
18.4553
17.9389
17.4269
16.9195
16.4167
15.9186
15.4251
14.9361
14.4514
13.9711
13.495
13.0231
12.5551
12.0913
11.6314
11.1755
10.7233
10.2751
9.83042
9.3895
8.95207
8.51828
8.08796
7.66132
7.23824
6.81896
6.40338
5.99168
5.58363
5.17933
4.7784
4.38083
3.98619
3.5945
3.20542
2.81896
2.43511
2.05308
1.67553
1.29437
0.939634
0.553804
0.162333
59.9764
59.4057
58.3351
56.8495
55.2915
53.8991
52.6279
51.4222
50.2801
49.2101
48.2181
47.2987
46.4437
45.6408
44.8792
44.1481
43.4393
42.7459
42.0633
41.3878
40.7174
40.0504
39.3863
38.7245
38.065
37.4078
36.7529
36.1005
35.4508
34.8037
34.1596
33.5186
32.881
32.247
31.6169
30.9911
30.3697
29.753
29.141
28.534
27.9319
27.3348
26.7426
26.1555
25.5733
24.9961
24.4237
23.8564
23.294
22.7366
22.1842
21.6367
21.0941
20.5562
20.0228
19.4939
18.9693
18.449
17.933
17.4215
16.9145
16.412
15.9141
15.4207
14.9319
14.4472
13.967
13.4908
13.0189
12.5508
12.087
11.6269
11.171
10.7186
10.2704
9.82563
9.38486
8.94739
8.51389
8.08362
7.65738
7.23438
6.81552
6.39994
5.98855
5.58035
5.17625
4.77507
4.37771
3.9829
3.59157
3.20248
2.81652
2.43281
2.05128
1.67418
1.29275
0.942536
0.554997
0.159928
59.6729
59.1511
58.1989
56.8325
55.3759
54.0555
52.8322
51.6562
50.5296
49.4626
48.4639
47.53
46.6557
45.8307
45.046
44.2924
43.5625
42.85
42.1508
41.4611
40.7789
40.1024
39.4307
38.7629
38.0988
37.438
36.7805
36.126
35.4748
34.8266
34.1817
33.5403
32.9023
32.2683
31.6382
31.0126
30.3912
29.7746
29.1625
28.5555
27.9531
27.356
26.7636
26.1763
25.5939
25.0166
24.444
23.8765
23.3138
22.7563
22.2034
21.6557
21.1126
20.5744
20.0406
19.5115
18.9866
18.4662
17.9502
17.4387
16.9316
16.429
15.9308
15.4371
14.9477
14.4626
13.9818
13.505
13.0324
12.5637
12.0992
11.6385
11.1819
10.7289
10.28
9.83472
9.39346
8.9556
8.52178
8.09128
7.66485
7.2417
6.82268
6.4069
5.99526
5.58674
5.18227
4.78068
4.38294
3.98779
3.59622
3.20697
2.82099
2.43731
2.05573
1.6787
1.29592
0.948804
0.558242
0.160474
59.5581
58.6685
57.5437
56.2745
54.9911
53.8052
52.6832
51.5893
50.5269
49.5053
48.5347
47.6149
46.744
45.9151
45.1219
44.3571
43.6151
42.8906
42.1799
41.4799
40.7885
40.1039
39.4253
38.7514
38.0821
37.4167
36.7553
36.0972
35.4429
34.792
34.1448
33.5012
32.8616
32.2261
31.5948
30.9681
30.3459
29.7286
29.1161
28.5086
27.9061
27.3087
26.7164
26.1293
25.5473
24.9703
24.3984
23.8316
23.2697
22.7129
22.1611
21.6141
21.072
20.5347
20.002
19.4739
18.9504
18.4313
17.9167
17.4064
16.9008
16.3994
15.9026
15.4098
14.9216
14.4374
13.9575
13.4815
13.0098
12.5418
12.0781
11.6179
11.162
10.7095
10.2614
9.81653
9.37599
8.93868
8.50566
8.07577
7.6502
7.2277
6.80953
6.39435
5.98347
5.57544
5.17162
4.77045
4.37333
3.97861
3.58775
3.19908
2.81404
2.43132
2.0511
1.67555
1.29352
0.947635
0.554655
0.155765
60.9697
59.8284
58.1057
56.4508
55.0147
53.7937
52.6947
51.6455
50.6271
49.6384
48.6876
47.7759
46.9038
46.0669
45.261
44.4804
43.7209
42.9784
42.2501
41.5332
40.8263
40.1277
39.4366
38.752
38.0736
37.4005
36.7328
36.0698
35.4116
34.758
34.1088
33.4642
32.8242
32.1889
31.5581
30.9324
30.3114
29.6955
29.0845
28.4788
27.878
27.2826
26.692
26.1069
25.5265
24.9516
24.3813
23.8164
23.2561
22.7011
22.1506
21.6053
21.0644
20.5285
19.997
19.4702
18.9477
18.4299
17.9162
17.4072
16.9023
16.4019
15.9057
15.4138
14.926
14.4424
13.9629
13.4874
13.0159
12.5483
12.0847
11.6249
11.169
10.7168
10.2687
9.82401
9.38346
8.94633
8.51332
8.08364
7.6581
7.2358
6.81764
6.40261
5.99173
5.58381
5.17996
4.77886
4.38168
3.98701
3.59611
3.20753
2.82263
2.44001
2.06074
1.6842
1.309
0.940407
0.564672
0.181143
66.8322
62.5164
59.1175
57.1033
55.5211
53.9958
52.507
51.0924
49.789
48.6182
47.5803
46.6598
45.8339
45.0788
44.3737
43.7015
43.0492
42.4079
41.7715
41.1365
40.501
39.8638
39.2249
38.5844
37.9426
37.3002
36.6575
36.0151
35.3734
34.733
34.0942
33.4574
32.8232
32.1922
31.5648
30.9415
30.3226
29.7084
29.099
28.4944
27.8946
27.2997
26.7095
26.1241
25.5435
24.9677
24.3966
23.8305
23.2693
22.7132
22.162
21.6158
21.0744
20.5377
20.0054
19.4772
18.9532
18.4334
17.9177
17.4066
16.9001
16.3984
15.9013
15.4089
14.9208
14.4371
13.9576
13.4823
13.0111
12.544
12.081
11.6221
11.167
10.7159
10.2684
9.82455
9.38424
8.94747
8.51414
8.08434
7.65809
7.23556
6.81677
6.40183
5.99073
5.58341
5.17961
4.7791
4.38158
3.98689
3.59483
3.20536
2.8184
2.43412
2.05214
1.67348
1.29607
0.924674
0.554527
0.180551
63.5972
61.119
58.7275
57.0238
55.5124
54.0374
52.5891
51.2005
49.9098
48.741
47.6973
46.7663
45.9278
45.1601
44.4429
43.7598
43.0981
42.4487
41.8055
41.1648
40.5244
39.8832
39.2409
38.5976
37.9536
37.3094
36.6653
36.0219
35.3795
34.7385
34.0993
33.4623
32.828
32.1968
31.5693
30.9457
30.3266
29.7122
29.1026
28.4979
27.898
27.303
26.7128
26.1273
25.5466
24.9708
24.3997
23.8335
23.2723
22.7161
22.1648
21.6185
21.0771
20.5403
20.008
19.4798
18.9557
18.4358
17.9201
17.4088
16.9021
16.4002
15.903
15.4105
14.9223
14.4386
13.959
13.4837
13.0124
12.5453
12.0823
11.6233
11.1682
10.7169
10.2694
9.82555
9.38521
8.9484
8.51503
8.08516
7.65885
7.23621
6.81732
6.40227
5.99107
5.58365
5.17979
4.77928
4.38181
3.98719
3.59521
3.20581
2.8189
2.43467
2.05263
1.67412
1.29559
0.928131
0.554767
0.176807
62.0326
60.754
59.0316
57.2675
55.6317
54.1393
52.7246
51.3759
50.1147
48.9596
47.9144
46.9705
46.1124
45.3222
44.5824
43.8782
43.1977
42.5321
41.8751
41.2227
40.5726
39.9233
39.2742
38.6252
37.9765
37.3283
36.6811
36.0351
35.3907
34.748
34.1075
33.4695
32.8343
32.2024
31.5741
30.9501
30.3304
29.7156
29.1055
28.5004
27.9002
27.305
26.7146
26.129
25.5482
24.9723
24.4012
23.835
23.2737
22.7174
22.1661
21.6198
21.0784
20.5416
20.0092
19.4811
18.957
18.437
17.9212
17.4097
16.9029
16.4008
15.9034
15.4107
14.9225
14.4386
13.9591
13.4837
13.0125
12.5453
12.0823
11.6232
11.1681
10.7169
10.2693
9.82542
9.38508
8.94821
8.51481
8.08488
7.65851
7.23575
6.81675
6.40157
5.99026
5.58271
5.17882
4.77831
4.38096
3.98646
3.59467
3.20544
2.81869
2.43454
2.0524
1.67391
1.29432
0.930514
0.551358
0.169971
61.0653
60.3413
58.9749
57.219
55.508
54.0116
52.643
51.3523
50.1445
49.0311
48.0142
47.086
46.2338
45.4424
44.6971
43.985
43.2956
42.6208
41.9549
41.2943
40.6364
39.9801
39.3247
38.6701
38.0165
37.3641
36.7131
36.064
35.4168
34.772
34.1295
33.4898
32.8532
32.2201
31.5907
30.9656
30.3449
29.7291
29.1182
28.5123
27.9113
27.3154
26.7243
26.1382
25.5569
24.9806
24.4091
23.8426
23.2809
22.7243
22.1727
21.6261
21.0843
20.5472
20.0145
19.4861
18.9618
18.4415
17.9254
17.4137
16.9065
16.4041
15.9064
15.4134
14.9249
14.4409
13.9611
13.4856
13.0142
12.547
12.0838
11.6246
11.1693
10.7179
10.2701
9.82607
9.38554
8.94852
8.51496
8.08491
7.65838
7.23549
6.81633
6.40099
5.98952
5.58184
5.17785
4.77731
4.37999
3.98559
3.59394
3.20489
2.81831
2.43434
2.0522
1.67416
1.29367
0.934639
0.551368
0.164464
60.2728
59.7079
58.6102
56.999
55.3168
53.8571
52.5536
51.334
50.1886
49.1236
48.1402
47.2318
46.3879
45.5962
44.8448
44.1226
43.421
42.7332
42.0542
41.3808
40.7111
40.0438
39.3786
38.7153
38.0541
37.3951
36.7386
36.0847
35.4338
34.7858
34.1409
33.4993
32.8612
32.227
31.5968
30.971
30.3499
29.7337
29.1224
28.5161
27.9149
27.3188
26.7277
26.1415
25.5602
24.9839
24.4124
23.8458
23.2842
22.7276
22.1759
21.6292
21.0874
20.5501
20.0174
19.4888
18.9645
18.4441
17.928
17.4162
16.909
16.4064
15.9085
15.4153
14.9267
14.4424
13.9625
13.4868
13.0153
12.5478
12.0845
11.6251
11.1696
10.7179
10.27
9.82571
9.38507
8.94784
8.51422
8.08401
7.65746
7.23443
6.81525
6.39977
5.98824
5.58038
5.17634
4.77568
4.37841
3.98401
3.59255
3.20362
2.81729
2.43352
2.05152
1.67407
1.29265
0.939215
0.552025
0.159335
59.6441
59.1692
58.2634
56.8135
55.2054
53.7944
52.5492
51.3883
50.2949
49.2687
48.3127
47.4191
46.5812
45.7874
45.029
44.2961
43.5822
42.8809
42.1888
41.5026
40.8211
40.1428
39.4678
38.7955
38.1265
37.4604
36.7979
36.1387
35.4831
34.8311
34.1829
33.5384
32.8979
32.2616
31.6296
31.0024
30.3798
29.7624
29.1498
28.5425
27.9401
27.3432
26.751
26.1641
25.582
25.0052
24.4329
23.8659
23.3036
22.7466
22.1942
21.6471
21.1045
20.5668
20.0334
19.5044
18.9795
18.4589
17.9425
17.4304
16.9228
16.4198
15.9215
15.4277
14.9386
14.4537
13.9733
13.497
13.025
12.5569
12.0931
11.6329
11.1771
10.7246
10.2764
9.83141
9.39053
8.95268
8.51895
8.08819
7.66165
7.23809
6.81896
6.4029
5.9914
5.58287
5.17885
4.7775
4.38034
3.98536
3.5942
3.20486
2.81896
2.4349
2.05329
1.67602
1.29393
0.946517
0.555755
0.156545
59.1898
58.7868
57.9961
56.6542
55.1039
53.726
52.5081
51.3744
50.3021
49.2915
48.3435
47.4526
46.6119
45.8124
45.0457
44.3042
43.5814
42.8726
42.1738
41.4826
40.7972
40.1166
39.44
38.7674
38.0984
37.4331
36.7714
36.1135
35.4592
34.8086
34.1617
33.5187
32.8796
32.2447
31.614
30.9878
30.3663
29.7496
29.1377
28.5309
27.929
27.3322
26.7404
26.1537
25.5719
24.9951
24.4232
23.8563
23.2943
22.7373
22.1852
21.638
21.0956
20.558
20.0248
19.496
18.9715
18.4513
17.9354
17.4239
16.9168
16.4143
15.9163
15.4228
14.9338
14.4491
13.9686
13.4925
13.0203
12.5523
12.0883
11.6283
11.1721
10.7199
10.2714
9.82664
9.38556
8.94814
8.5143
8.0841
7.65748
7.23456
6.81531
6.39981
5.98803
5.57997
5.1755
4.77457
4.37695
3.98251
3.59102
3.20241
2.81632
2.43318
2.05124
1.67538
1.29175
0.952235
0.557515
0.153602
58.8835
58.5331
57.8659
56.6478
55.203
53.9003
52.7314
51.6275
50.5689
49.5591
48.6005
47.6912
46.8263
46
45.2058
44.4378
43.6908
42.9607
42.2439
41.538
40.841
40.1517
39.4688
38.7918
38.12
37.4531
36.7907
36.1326
35.4786
34.8285
34.1824
33.5402
32.9021
32.268
31.6382
31.0128
30.392
29.7757
29.1642
28.5575
27.9557
27.3588
26.7669
26.1798
25.5978
25.0207
24.4485
23.8811
23.3188
22.7612
22.2087
21.6609
21.118
20.5797
20.046
19.5168
18.992
18.4716
17.9555
17.4438
16.9366
16.4338
15.9355
15.4416
14.952
14.4667
13.9856
13.5087
13.0358
12.567
12.1022
11.6414
11.1845
10.7315
10.2823
9.83703
9.39539
8.95759
8.52338
8.09296
7.66611
7.24307
6.82359
6.40794
5.99582
5.58749
5.18257
4.78128
4.38317
3.98846
3.59664
3.20797
2.82177
2.4388
2.05661
1.68096
1.29503
0.960643
0.560775
0.153096
58.7644
58.0431
57.1822
56.0517
54.796
53.6476
52.5949
51.5841
50.5963
49.6344
48.7025
47.8029
46.9354
46.0981
45.2882
44.5026
43.738
42.9914
42.2601
41.5418
40.8347
40.1371
39.448
38.766
38.0905
37.4206
36.756
36.096
35.4406
34.7892
34.142
33.4988
32.8598
32.2249
31.5944
30.9682
30.3467
29.7298
29.1178
28.5105
27.9084
27.3111
26.719
26.1319
25.5499
24.9729
24.4011
23.8342
23.2725
22.7156
22.1638
21.6168
21.0747
20.5373
20.0047
19.4765
18.953
18.4339
17.9193
17.4091
16.9034
16.402
15.9051
15.4123
14.9239
14.4396
13.9596
13.4836
13.0116
12.5436
12.0796
11.6195
11.1633
10.7109
10.2625
9.81772
9.37686
8.93966
8.5063
8.07655
7.65063
7.22828
6.80973
6.39472
5.98345
5.57564
5.17146
4.77061
4.37323
3.97899
3.588
3.20004
2.81505
2.43338
2.05314
1.67975
1.29492
0.962746
0.559434
0.146088
60.1765
59.1884
57.7023
56.1906
54.8105
53.6548
52.6413
51.6858
50.7444
49.8133
48.8935
47.9927
47.113
46.2576
45.4255
44.6169
43.8289
43.0606
42.3091
41.5733
40.8505
40.1402
39.4399
38.7494
38.0666
37.3915
36.7225
36.0597
35.4021
34.7497
34.102
33.459
32.8205
32.1865
31.5573
30.9325
30.3127
29.6973
29.0872
28.4816
27.8814
27.2858
26.6956
26.1101
25.5301
24.9547
24.3847
23.8193
23.2592
22.7037
22.1535
21.6077
21.067
20.5307
19.9993
19.4723
18.9499
18.4318
17.9183
17.409
16.9042
16.4036
15.9073
15.4154
14.9274
14.4438
13.964
13.4886
13.0167
12.5494
12.0853
11.6258
11.1694
10.7175
10.2687
9.82459
9.38328
8.94675
8.51289
8.08391
7.65744
7.23593
6.81678
6.40265
5.99072
5.58384
5.17891
4.779
4.38077
3.98749
3.59562
3.2087
2.82301
2.44251
2.06271
1.68911
1.31338
0.948994
0.571236
0.18142
66.2125
61.9918
58.7533
56.876
55.3895
53.9369
52.5073
51.1378
49.8657
48.7155
47.6905
46.7767
45.9529
45.1966
44.4878
43.8102
43.1518
42.504
41.8612
41.2199
40.5783
39.9356
39.2914
38.646
37.9998
37.3533
36.7069
36.0612
35.4166
34.7734
34.1322
33.4932
32.8571
32.2243
31.5953
30.9704
30.35
29.7344
29.1236
28.5178
27.9168
27.3208
26.7297
26.1434
25.5619
24.9853
24.4136
23.8468
23.2849
22.7281
22.1763
21.6294
21.0873
20.5499
20.0169
19.4881
18.9635
18.4432
17.9271
17.4155
16.9085
16.4063
15.9087
15.4157
14.9272
14.443
13.9631
13.4874
13.0158
12.5484
12.0851
11.6257
11.1703
10.7188
10.2709
9.82672
9.38606
8.94899
8.51539
8.08538
7.65897
7.23632
6.81743
6.4024
5.99118
5.58371
5.17973
4.77904
4.38138
3.98659
3.59446
3.20499
2.81806
2.43387
2.05193
1.67346
1.29595
0.925042
0.555352
0.180574
62.9765
60.5849
58.3576
56.7974
55.3787
53.9751
52.5888
51.2497
49.9943
48.8487
47.8189
46.8946
46.0577
45.2876
44.5657
43.8764
43.2078
42.5512
41.9009
41.2534
40.6065
39.9593
39.3114
38.6629
38.0142
37.3657
36.7176
36.0706
35.425
34.7811
34.1393
33.4999
32.8634
32.2303
31.601
30.9758
30.3551
29.7392
29.1282
28.5221
27.921
27.3249
26.7336
26.1472
25.5657
24.9891
24.4173
23.8504
23.2885
22.7316
22.1797
21.6328
21.0907
20.5532
20.0202
19.4914
18.9667
18.4463
17.9301
17.4184
16.9113
16.4089
15.9111
15.418
14.9294
14.4451
13.9651
13.4894
13.0177
12.5503
12.0869
11.6275
11.172
10.7204
10.2725
9.8282
9.38751
8.95036
8.51671
8.08661
7.66012
7.23734
6.81833
6.40317
5.99184
5.58426
5.18022
4.77951
4.38188
3.98713
3.59507
3.20565
2.81877
2.43461
2.0526
1.67436
1.29559
0.929516
0.556253
0.176394
61.4056
60.2079
58.663
57.0559
55.5108
54.0857
52.7342
51.4387
50.2171
49.0882
48.0586
47.1217
46.2644
45.4705
44.7241
44.0117
43.3223
42.6476
41.9819
41.3213
40.6635
40.0071
39.3517
38.6969
38.043
37.3902
36.7387
36.0889
35.441
34.7953
34.152
33.5114
32.8739
32.24
31.6098
30.984
30.3626
29.7462
29.1345
28.528
27.9264
27.3299
26.7382
26.1516
25.5698
24.993
24.4211
23.8541
23.292
22.7351
22.183
21.636
21.0938
20.5563
20.0232
19.4944
18.9696
18.4491
17.9328
17.4209
16.9136
16.4109
15.913
15.4197
14.9309
14.4466
13.9665
13.4907
13.019
12.5515
12.088
11.6285
11.173
10.7213
10.2734
9.82904
9.38832
8.95108
8.51737
8.08716
7.66058
7.23762
6.81848
6.40312
5.99166
5.5839
5.17982
4.77906
4.38154
3.98686
3.59501
3.20571
2.81899
2.43487
2.05276
1.67457
1.29455
0.933401
0.553074
0.168505
60.4375
59.7979
58.621
57.0287
55.399
53.9594
52.6496
51.4139
50.2501
49.1682
48.1712
47.2532
46.4034
45.6088
44.8565
44.1352
43.4354
42.75
42.0738
41.4033
40.7363
40.0717
39.4088
38.7475
38.0878
37.43
36.7742
36.1208
35.4698
34.8215
34.1761
33.5338
32.8948
32.2595
31.6283
31.0014
30.3791
29.7617
29.1493
28.5419
27.9396
27.3424
26.7502
26.163
25.5808
25.0035
24.4312
23.8638
23.3015
22.7441
22.1918
21.6444
21.1019
20.5641
20.0307
19.5015
18.9766
18.4557
17.9391
17.4269
16.9192
16.4162
15.9179
15.4242
14.9352
14.4506
13.9703
13.4942
13.0224
12.5547
12.091
11.6313
11.1756
10.7237
10.2756
9.83103
9.39011
8.95267
8.51877
8.08836
7.66158
7.23841
6.81906
6.40348
5.9918
5.58385
5.17964
4.77883
4.38132
3.98673
3.595
3.20588
2.81931
2.43538
2.05323
1.67563
1.29444
0.939764
0.553983
0.162436
59.6487
59.1727
58.2699
56.8193
55.2074
53.7922
52.544
51.3813
50.2875
49.2615
48.3063
47.4138
46.5771
45.7846
45.0274
44.2956
43.5825
42.882
42.1904
41.5046
40.8233
40.1451
39.4701
38.7978
38.1287
37.4625
36.7998
36.1404
35.4847
34.8325
34.1841
33.5394
32.8988
32.2623
31.6301
31.0027
30.38
29.7625
29.1498
28.5425
27.9401
27.3431
26.751
26.1642
25.5821
25.0052
24.4331
23.8661
23.3039
22.7469
22.1946
21.6475
21.105
20.5673
20.0339
19.5049
18.98
18.4592
17.9426
17.4304
16.9226
16.4195
15.9211
15.4273
14.9381
14.4532
13.9729
13.4966
13.0247
12.5566
12.093
11.6329
11.1772
10.7249
10.2767
9.83176
9.3909
8.95302
8.51924
8.0884
7.66179
7.23817
6.819
6.40291
5.99143
5.58294
5.17899
4.7777
4.3806
3.98565
3.59449
3.2051
2.81917
2.43504
2.05338
1.67607
1.29399
0.946605
0.555874
0.156611
59.0231
58.6412
57.9316
56.6422
55.0933
53.7192
52.5239
51.4247
50.3883
49.4114
48.491
47.6217
46.7955
46.0049
45.2415
44.4994
43.7722
43.0565
42.3487
41.6473
40.9507
40.2586
39.5705
38.8867
38.207
37.5318
36.861
36.1947
35.5329
34.8758
34.2231
33.5749
32.9314
32.2925
31.6585
31.0294
30.4054
29.7866
29.1731
28.5647
27.9617
27.3639
26.7713
26.1838
25.6015
25.0241
24.4519
23.8845
23.3222
22.7648
22.2124
21.6649
21.1221
20.584
20.0504
19.5211
18.9959
18.475
17.9582
17.4458
16.9378
16.4344
15.9356
15.4414
14.9516
14.4664
13.9854
13.5087
13.0361
12.5678
12.1032
11.643
11.1863
10.7338
10.2847
9.8397
9.39794
8.9601
8.52547
8.09479
7.66733
7.24395
6.82387
6.40804
5.99556
5.58734
5.18233
4.78138
4.38327
3.98885
3.59683
3.20818
2.82146
2.43823
2.05556
1.67986
1.29526
0.958058
0.560641
0.153637
58.57
58.2619
57.6726
56.4915
54.9955
53.6439
52.4706
51.3956
50.383
49.425
48.5179
47.6554
46.8305
46.0363
45.2666
44.5161
43.7804
43.0561
42.3409
41.633
40.9315
40.2355
39.5449
38.8593
38.1788
37.5032
36.8325
36.1667
35.5056
34.8493
34.1975
33.5505
32.908
32.2703
31.6374
31.0094
30.3863
29.7683
29.1555
28.5478
27.9452
27.3479
26.7557
26.1686
25.5866
25.0097
24.4378
23.8708
23.3088
22.7519
22.1998
21.6526
21.1102
20.5724
20.0392
19.5103
18.9857
18.4654
17.9494
17.4377
16.9305
16.4277
15.9294
15.4355
14.9461
14.4611
13.9803
13.5037
13.0312
12.5628
12.0985
11.638
11.1816
10.7289
10.2801
9.83498
9.39357
8.95573
8.52157
8.09094
7.66402
7.24068
6.82112
6.4052
5.99311
5.58463
5.17992
4.77863
4.38086
3.98619
3.59468
3.20597
2.81991
2.43674
2.0545
1.67948
1.2936
0.966791
0.563916
0.150351
58.2623
58.0071
57.5457
56.4946
55.1087
53.8335
52.7091
51.6631
50.6628
49.7034
48.7837
47.8998
47.0478
46.2236
45.4235
44.6439
43.882
43.1349
42.4008
41.6779
40.9651
40.2609
39.565
38.8762
38.1942
37.5183
36.8484
36.1837
35.5242
34.8694
34.2195
33.574
32.9332
32.2969
31.6653
31.0383
30.4161
29.7986
29.1862
28.5786
27.976
27.3785
26.786
26.1984
25.616
25.0385
24.466
23.8984
23.3358
22.7781
22.2253
21.6774
21.1343
20.5957
20.0619
19.5324
19.0075
18.4869
17.9707
17.4588
16.9514
16.4482
15.9496
15.4553
14.9654
14.4796
13.9982
13.5208
13.0477
12.5784
12.1134
11.6521
11.1949
10.7414
10.2921
9.84625
9.40446
8.96612
8.53177
8.10081
7.67382
7.25022
6.8306
6.41436
6.00211
5.59318
5.18819
4.78638
4.38832
3.9932
3.60158
3.21265
2.82671
2.44354
2.06118
1.68618
1.29712
0.977853
0.567267
0.148483
58.1423
57.5128
56.8394
55.8659
54.6797
53.5748
52.5803
51.6378
50.7145
49.8051
48.9098
48.0308
47.1692
46.3267
45.5035
44.6999
43.9147
43.1474
42.3959
41.6596
40.936
40.2249
39.5238
38.8325
38.1489
37.4732
36.8034
36.1399
35.4813
34.828
34.1789
33.5346
32.8943
32.2588
31.6273
31.0006
30.3782
29.7608
29.1478
28.54
27.9368
27.3389
26.7458
26.1581
25.5752
24.9976
24.4249
23.8574
23.2948
22.7375
22.1849
21.6375
21.0947
20.557
20.0237
19.4952
18.9711
18.4518
17.9366
17.4262
16.9199
16.4183
15.9207
15.4278
14.9386
14.4542
13.9733
13.4972
13.0244
12.5563
12.0915
11.6313
11.1743
10.7219
10.2726
9.82789
9.38612
8.94905
8.51476
8.08518
7.65831
7.23617
6.81664
6.40187
5.98961
5.5821
5.17696
4.77652
4.37827
3.98464
3.59296
3.20586
2.82037
2.43999
2.05916
1.68851
1.29975
0.985558
0.568488
0.138777
59.554
58.6506
57.3344
55.9656
54.67
53.5778
52.6403
51.7603
50.8866
50.0028
49.1115
48.2188
47.3326
46.4589
45.6027
44.7661
43.9509
43.1563
42.3823
41.6269
40.889
40.1662
39.4576
38.7606
38.0744
37.3971
36.7279
36.0654
35.4091
34.7582
34.1124
33.4713
32.8347
32.2025
31.5746
30.9512
30.3321
29.7177
29.1077
28.5026
27.9021
27.3067
26.716
26.1305
25.5497
24.9742
24.4034
23.8378
23.2769
22.7212
22.1701
21.6241
21.0827
20.5462
20.0142
19.4869
18.964
18.4456
17.9316
17.422
16.9168
16.4158
15.9192
15.4267
14.9385
14.4543
13.9744
13.4982
13.0264
12.5582
12.0942
11.6338
11.1776
10.7248
10.2763
9.83105
9.39019
8.95245
8.51915
8.08887
7.66307
7.24018
6.82182
6.40626
5.99525
5.58689
5.18306
4.78168
4.38474
3.99005
3.59974
3.21157
2.82778
2.44638
2.06906
1.69542
1.32253
0.95937
0.582144
0.183882
65.7641
61.6083
58.4683
56.6869
55.2762
53.8782
52.4883
51.1478
49.8967
48.7612
47.7458
46.8374
46.0152
45.2576
44.5452
43.8625
43.198
42.5438
41.8946
41.2473
40.6001
39.9522
39.3034
38.654
38.0044
37.3549
36.706
36.0581
35.4118
34.7673
34.1249
33.4853
32.8486
32.2155
31.5863
30.9613
30.3408
29.7252
29.1144
28.5085
27.9076
27.3118
26.7208
26.1347
25.5535
24.9773
24.4059
23.8395
23.278
22.7216
22.1701
21.6234
21.0816
20.5443
20.0115
19.483
18.9587
18.4386
17.9229
17.4116
16.9049
16.4028
15.9054
15.4124
14.924
14.4399
13.9601
13.4845
13.013
12.5457
12.0823
11.623
11.1676
10.716
10.2681
9.82383
9.38315
8.94605
8.5125
8.08255
7.65626
7.23374
6.815
6.40008
5.98894
5.58148
5.17748
4.77676
4.37909
3.98433
3.5923
3.20296
2.81622
2.43225
2.05051
1.67232
1.29481
0.924413
0.555244
0.180281
62.5292
60.2018
58.0696
56.6043
55.2588
53.9081
52.5624
51.2541
50.021
48.8901
47.8692
46.949
46.1123
45.3397
44.6132
43.9182
43.2433
42.5804
41.9242
41.2712
40.6194
39.9679
39.3164
38.6647
38.0133
37.3625
36.7126
36.064
35.4171
34.7722
34.1296
33.4897
32.8529
32.2197
31.5902
30.9651
30.3444
29.7285
29.1175
28.5115
27.9104
27.3144
26.7233
26.1372
25.5559
24.9796
24.4082
23.8417
23.2802
22.7237
22.1721
21.6254
21.0835
20.5463
20.0134
19.4849
18.9606
18.4405
17.9247
17.4134
16.9066
16.4044
15.9069
15.4139
14.9253
14.4412
13.9613
13.4857
13.0142
12.5468
12.0835
11.6241
11.1687
10.717
10.2691
9.82483
9.38414
8.94701
8.51342
8.08341
7.65708
7.23445
6.81562
6.40059
5.98936
5.58179
5.17776
4.777
4.37937
3.98463
3.59269
3.2034
2.81673
2.43281
2.05103
1.67317
1.29426
0.929588
0.556622
0.175639
60.952
59.8185
58.374
56.8683
55.3944
54.019
52.7068
51.4424
50.2428
49.1275
48.1046
47.1693
46.3096
45.5105
44.7576
44.038
43.3414
42.6601
41.9886
41.3232
40.6615
40.0021
39.3444
38.688
38.0329
37.3793
36.7273
36.0771
35.4291
34.7833
34.1401
33.4997
32.8626
32.2289
31.5991
30.9736
30.3525
29.7362
29.1247
28.5182
27.9167
27.3202
26.7287
26.1421
25.5605
24.9839
24.4121
23.8454
23.2836
22.7268
22.175
21.6281
21.086
20.5486
20.0156
19.487
18.9625
18.4423
17.9264
17.4149
16.9079
16.4055
15.9078
15.4146
14.9259
14.4417
13.9617
13.486
13.0145
12.547
12.0836
11.6242
11.1687
10.717
10.2691
9.82478
9.38408
8.94692
8.51331
8.08325
7.65684
7.23411
6.81516
6.39998
5.98862
5.58093
5.17684
4.77608
4.37853
3.98392
3.59215
3.20305
2.81653
2.43274
2.05084
1.67319
1.29281
0.934536
0.553319
0.166627
59.9818
59.4097
58.3435
56.857
55.2932
53.8945
52.619
51.4113
50.2691
49.2002
48.2099
47.2924
46.4392
45.6381
44.8781
44.1484
43.4407
42.7482
42.0662
41.391
40.7209
40.054
39.3899
38.728
38.0684
37.411
36.756
36.1033
35.4533
34.806
34.1616
33.5203
32.8823
32.248
31.6176
30.9915
30.3698
29.7529
29.1407
28.5337
27.9314
27.3344
26.7422
26.1551
25.5729
24.9959
24.4236
23.8565
23.2942
22.737
22.1847
21.6375
21.0949
20.5571
20.0237
19.4947
18.97
18.4494
17.9331
17.4212
16.9139
16.4111
15.913
15.4194
14.9304
14.4458
13.9657
13.4896
13.0179
12.5501
12.0866
11.6269
11.1713
10.7193
10.2713
9.82661
9.38589
8.94837
8.51476
8.08434
7.65793
7.23478
6.81582
6.4002
5.98885
5.58074
5.17675
4.77569
4.37842
3.98363
3.59227
3.20309
2.81701
2.43316
2.0515
1.6743
1.29282
0.942623
0.555116
0.159964
59.1948
58.7912
58.0043
56.6611
55.1053
53.7212
52.4987
51.3624
50.2897
49.2799
48.3336
47.4449
46.6064
45.8092
45.0445
44.3048
43.5835
42.8758
42.1778
41.4872
40.802
40.1215
39.4448
38.772
38.1027
37.4371
36.7751
36.1167
35.462
34.811
34.1638
33.5204
32.8809
32.2455
31.6145
30.988
30.3662
29.7492
29.1372
28.5302
27.9283
27.3315
26.7397
26.153
25.5713
24.9946
24.4229
23.8561
23.2943
22.7375
22.1855
21.6385
21.0963
20.5587
20.0255
19.4967
18.9721
18.4517
17.9355
17.4237
16.9164
16.4136
15.9154
15.4218
14.9327
14.448
13.9676
13.4916
13.0196
12.5518
12.0881
11.6283
11.1724
10.7204
10.272
9.82742
9.38636
8.9489
8.51496
8.08462
7.65787
7.23481
6.81546
6.39992
5.98814
5.58015
5.17577
4.77494
4.37739
3.98298
3.59148
3.20281
2.81663
2.43338
2.05134
1.6754
1.29175
0.952258
0.557572
0.153612
58.5724
58.2646
57.6771
56.495
54.9956
53.6403
52.4642
51.3877
50.3748
49.4173
48.5114
47.6504
46.827
46.0344
45.2662
44.5169
43.7822
43.0587
42.3441
41.6366
40.9352
40.2392
39.5485
38.8628
38.182
37.5061
36.8351
36.169
35.5076
34.8509
34.1989
33.5515
32.9087
32.2707
31.6375
31.0092
30.3859
29.7678
29.1548
28.547
27.9444
27.3471
26.7548
26.1678
25.5859
25.009
24.4372
23.8704
23.3085
22.7517
22.1997
21.6526
21.1103
20.5726
20.0394
19.5105
18.9859
18.4655
17.9494
17.4376
16.9301
16.4272
15.9288
15.4349
14.9455
14.4604
13.9797
13.5032
13.0308
12.5626
12.0984
11.6381
11.1818
10.7292
10.2805
9.83544
9.39404
8.95617
8.52195
8.09124
7.66423
7.2408
6.82118
6.40522
5.99314
5.58468
5.18001
4.77877
4.38103
3.98638
3.59486
3.20611
2.81999
2.43676
2.05446
1.67939
1.2935
0.966701
0.563855
0.1503
58.1224
57.8897
57.4266
56.3584
54.9057
53.5626
52.3982
51.3406
50.3493
49.4122
48.5227
47.6724
46.8542
46.0617
45.29
44.5349
43.7932
43.0625
42.3412
41.6279
40.9218
40.2222
39.5288
38.8412
38.1594
37.4829
36.8119
36.1458
35.4848
34.8286
34.1772
33.5304
32.8884
32.251
31.6186
30.9908
30.3682
29.7504
29.1378
28.5303
27.928
27.3307
26.7388
26.1518
25.5701
24.9934
24.4218
23.8551
23.2936
22.737
22.1853
21.6385
21.0965
20.5591
20.0264
19.498
18.974
18.4542
17.9388
17.4277
16.9211
16.4187
15.9209
15.4275
14.9384
14.4537
13.9732
13.4969
13.0247
12.5566
12.0925
11.6323
11.1762
10.7237
10.2752
9.83025
9.38914
8.9515
8.51764
8.08723
7.6606
7.23744
6.81812
6.40232
5.9904
5.58197
5.17737
4.77611
4.37848
3.98393
3.59269
3.20424
2.81849
2.43566
2.05331
1.6794
1.29112
0.978884
0.568377
0.146425
57.816
57.6357
57.304
56.3739
55.035
53.7669
52.6477
51.6152
50.6325
49.6913
48.7862
47.9122
47.0645
46.24
45.436
44.6503
43.8812
43.1272
42.3868
41.6588
40.9419
40.2352
39.5377
38.8484
38.1666
37.4916
36.8227
36.1595
35.5015
34.8484
34.2
33.5561
32.9166
32.2815
31.6509
31.0248
30.4034
29.7865
29.1744
28.5671
27.9648
27.3673
26.7749
26.1874
25.605
25.0275
24.455
23.8876
23.3251
22.7675
22.2149
21.6672
21.1242
20.586
20.0524
19.5233
18.9987
18.4785
17.9626
17.4512
16.9441
16.4415
15.9432
15.4492
14.9595
14.4742
13.9929
13.5159
13.0428
12.574
12.109
11.6481
11.191
10.738
10.2887
9.84331
9.40155
8.96367
8.52933
8.09882
7.67181
7.24864
6.82893
6.41307
6.00065
5.59207
5.18686
4.78542
4.3872
3.99256
3.60088
3.21258
2.82662
2.44418
2.0612
1.68773
1.29453
0.993413
0.571778
0.143298
57.6972
57.142
56.5844
55.7206
54.5906
53.5073
52.5334
51.6177
50.7224
49.8365
48.9571
48.0849
47.2219
46.3716
45.5364
44.7186
43.9191
43.1382
42.3753
41.6294
40.8993
40.1833
39.4799
38.7875
38.1049
37.4306
36.7635
36.1028
35.4477
34.7975
34.152
33.5107
32.8737
32.2407
31.6118
30.9871
30.3666
29.7505
29.1389
28.5318
27.9294
27.3319
26.7392
26.1515
25.5688
24.9912
24.4186
23.851
23.2885
22.731
22.1786
21.631
21.0884
20.5505
20.0175
19.489
18.9652
18.4459
17.9311
17.4207
16.9148
16.4132
15.9159
15.4229
14.9342
14.4496
13.9692
13.4928
13.0205
12.5521
12.0878
11.6273
11.1708
10.7182
10.2694
9.82443
9.38325
8.94584
8.51218
8.08224
7.656
7.23345
6.81456
6.39933
5.98771
5.5797
5.17523
4.7743
4.37682
3.98279
3.59206
3.20477
2.82044
2.44024
2.06046
1.69154
1.2999
1.005
0.575418
0.129147
59.1054
58.259
57.0441
55.7759
54.5482
53.5073
52.6204
51.7934
50.9656
50.1154
49.242
48.3527
47.4574
46.566
45.6867
44.825
43.9848
43.1677
42.3739
41.6026
40.8524
40.1211
39.4067
38.7071
38.0202
37.3441
36.6771
36.018
35.3655
34.7188
34.0772
33.4402
32.8075
32.1789
31.5543
30.9337
30.3172
29.7048
29.0968
28.493
27.8938
27.2992
26.7094
26.1243
25.5441
24.9687
24.3983
23.8327
23.2722
22.7165
22.1657
21.6197
21.0785
20.542
20.0103
19.483
18.9604
18.4422
17.9284
17.419
16.9139
16.4131
15.9166
15.4243
14.9362
14.4522
13.9723
13.4964
13.0245
12.5566
12.0926
11.6324
11.1761
10.7236
10.275
9.83009
9.38899
8.95163
8.51802
8.08812
7.66195
7.23948
6.82071
6.4056
5.99415
5.58631
5.18202
4.78125
4.38391
3.98998
3.59937
3.21218
2.82829
2.4483
2.07132
1.7001
1.32785
0.968355
0.591554
0.185165
65.4689
61.351
58.2923
56.6109
55.2929
53.961
52.6122
51.2974
50.0627
48.9373
47.9272
47.0202
46.1959
45.433
44.7126
44.0198
43.3439
42.6777
42.0162
41.3569
40.6983
40.0398
39.3813
38.723
38.0653
37.4086
36.7533
36.0999
35.4487
34.8
34.1541
33.5113
32.8722
32.237
31.606
30.9796
30.3579
29.7411
29.1294
28.5227
27.9212
27.3248
26.7334
26.1471
25.5658
24.9894
24.418
23.8516
23.2902
22.7337
22.1822
21.6355
21.0935
20.5561
20.0232
19.4946
18.9702
18.4502
17.9345
17.4232
16.9164
16.4142
15.9165
15.4233
14.9346
14.4502
13.97
13.4941
13.0223
12.5546
12.091
11.6312
11.1754
10.7234
10.275
9.83034
9.38928
8.95184
8.51801
8.08782
7.66136
7.23868
6.81978
6.40467
5.99331
5.58555
5.18125
4.7802
4.38226
3.98726
3.59507
3.20564
2.81886
2.43489
2.05314
1.67502
1.29727
0.927022
0.55764
0.181685
62.2338
59.9447
57.9045
56.5454
55.2978
54.0163
52.7143
51.433
50.2159
49.0927
48.0733
47.1499
46.3064
45.5242
44.7862
44.0783
43.39
42.7138
42.0446
41.3793
40.7162
40.0543
39.3933
38.7332
38.0742
37.4166
36.7607
36.1069
35.4554
34.8065
34.1604
33.5176
32.8784
32.2431
31.6119
30.9853
30.3634
29.7465
29.1345
28.5276
27.9258
27.3292
26.7376
26.1512
25.5697
24.9932
24.4217
23.8552
23.2937
22.7372
22.1855
21.6387
21.0967
20.5593
20.0263
19.4976
18.9733
18.4532
17.9374
17.4261
16.9192
16.4169
15.9191
15.4258
14.937
14.4525
13.9723
13.4963
13.0244
12.5567
12.093
11.6332
11.1773
10.7252
10.2768
9.83206
9.39097
8.95348
8.5196
8.08935
7.66282
7.24002
6.82103
6.40579
5.99432
5.58645
5.18208
4.78096
4.38302
3.98801
3.59587
3.20645
2.81972
2.43579
2.05398
1.67619
1.2968
0.932904
0.559469
0.177057
60.6492
59.5585
58.2178
56.8287
55.4562
54.153
52.888
51.6534
50.4702
49.3608
48.3353
47.3911
46.518
45.7029
44.9324
44.195
43.481
42.7833
42.0968
41.418
40.7445
40.075
39.4085
38.7446
38.0831
37.4241
36.7675
36.1133
35.4619
34.8133
34.1677
33.5253
32.8865
32.2515
31.6207
30.9943
30.3725
29.7554
29.1433
28.5362
27.9342
27.3372
26.7453
26.1585
25.5767
24.9998
24.428
23.8612
23.2993
22.7424
22.1905
21.6434
21.1011
20.5634
20.0302
19.5014
18.9768
18.4566
17.9407
17.4292
16.9221
16.4196
15.9216
15.4281
14.9391
14.4544
13.9741
13.498
13.026
12.5581
12.0943
11.6344
11.1784
10.7262
10.2778
9.83305
9.39197
8.95441
8.52053
8.09019
7.66363
7.24069
6.82161
6.4062
5.99462
5.58658
5.18216
4.78098
4.3831
3.98813
3.59616
3.20687
2.82031
2.43648
2.05455
1.67691
1.2957
0.939116
0.556228
0.167645
59.6742
59.1517
58.2015
56.834
55.3735
54.049
52.823
51.6464
50.5205
49.4552
48.4585
47.5267
46.6542
45.8306
45.0472
44.2944
43.5651
42.8531
42.1541
41.4645
40.7824
40.1058
39.4341
38.7663
38.1022
37.4413
36.7837
36.1291
35.4776
34.8292
34.184
33.5422
32.904
32.2696
31.6391
31.013
30.3913
29.7744
29.1621
28.555
27.9525
27.3553
26.7629
26.1757
25.5933
25.0161
24.4436
23.8764
23.3138
22.7565
22.2039
21.6563
21.1133
20.5752
20.0414
19.5121
18.987
18.4664
17.95
17.4381
16.9305
16.4275
15.9291
15.4352
14.9457
14.4606
13.9799
13.5034
13.0311
12.5628
12.0988
11.6385
11.1823
10.7297
10.2812
9.83608
9.39491
8.95702
8.52309
8.09242
7.6658
7.24248
6.82335
6.40752
5.99591
5.58746
5.1831
4.78162
4.38394
3.98879
3.59717
3.2078
2.82166
2.43781
2.05606
1.67888
1.29602
0.948849
0.558282
0.160445
58.8853
58.5348
57.8703
56.6505
55.2008
53.8927
52.72
51.6146
50.5564
49.5483
48.5922
47.6856
46.8234
45.9995
45.2072
44.441
43.6952
42.9659
42.2496
41.544
40.847
40.1576
39.4745
38.7972
38.1251
37.4578
36.795
36.1364
35.482
34.8315
34.185
33.5423
32.9037
32.2691
31.6389
31.013
30.3918
29.7752
29.1635
28.5566
27.9547
27.3577
26.7659
26.1789
25.597
25.0199
24.4479
23.8808
23.3186
22.7613
22.209
21.6614
21.1186
20.5804
20.0467
19.5174
18.9924
18.4717
17.9554
17.4433
16.9358
16.4326
15.934
15.4399
14.9503
14.465
13.984
13.5073
13.0347
12.5663
12.1019
11.6415
11.185
10.7324
10.2834
9.83829
9.39672
8.95888
8.52456
8.09398
7.66695
7.24374
6.82413
6.40842
5.99629
5.58801
5.18318
4.78197
4.38393
3.98922
3.59735
3.20858
2.82224
2.43911
2.05676
1.68099
1.29497
0.960552
0.56071
0.153016
58.2633
58.0091
57.5499
56.4969
55.1063
53.8261
52.698
51.6503
50.6503
49.6926
48.7753
47.8941
47.0449
46.2232
45.4253
44.6474
43.8868
43.1407
42.4072
41.6846
40.9718
40.2675
39.5713
38.8821
38.1997
37.5234
36.8529
36.1877
35.5277
34.8724
34.222
33.576
32.9347
32.2979
31.6658
31.0384
30.4158
29.798
29.1853
28.5775
27.9749
27.3772
26.7847
26.1972
25.6148
25.0374
24.4651
23.8977
23.3353
22.7778
22.2252
21.6775
21.1345
20.5961
20.0622
19.5328
19.0077
18.4869
17.9705
17.4583
16.9507
16.4473
15.9485
15.454
14.9641
14.4784
13.9971
13.5199
13.047
12.578
12.1132
11.6522
11.1954
10.7422
10.293
9.84732
9.40558
8.96721
8.53276
8.10166
7.67452
7.25077
6.83105
6.41474
6.00247
5.59357
5.18862
4.78685
4.38883
3.9937
3.60203
3.21301
2.82695
2.44364
2.06114
1.68602
1.2969
0.977606
0.567063
0.14833
57.816
57.6364
57.3058
56.3747
55.0333
53.7624
52.6409
51.6075
50.6252
49.6851
48.7816
47.9093
47.0634
46.2404
45.4377
44.6531
43.8848
43.1313
42.3912
41.6633
40.9465
40.2397
39.5419
38.8524
38.1703
37.495
36.8258
36.1623
35.5039
34.8506
34.2018
33.5576
32.9178
32.2825
31.6516
31.0253
30.4035
29.7865
29.1742
28.5668
27.9643
27.3668
26.7743
26.1868
25.6044
25.027
24.4546
23.8872
23.3248
22.7673
22.2149
21.6672
21.1243
20.5861
20.0525
19.5234
18.9987
18.4784
17.9625
17.4509
16.9437
16.4409
15.9425
15.4485
14.9588
14.4735
13.9923
13.5154
13.0425
12.5738
12.109
11.6483
11.1914
10.7385
10.2893
9.84398
9.40225
8.96436
8.52997
8.09939
7.6723
7.24905
6.82928
6.41338
6.00094
5.59236
5.18717
4.78574
4.38752
3.99287
3.60115
3.21279
2.82675
2.44422
2.06115
1.68761
1.29436
0.993218
0.571607
0.143178
57.5131
57.3856
57.1883
56.4033
55.1827
53.9873
52.9082
51.8953
50.9174
49.9696
49.0474
48.1482
47.2694
46.4111
45.5726
44.7544
43.9558
43.1766
42.4152
41.6712
40.9423
40.2277
39.5253
38.8342
38.1524
37.4793
36.8131
36.1536
35.4994
34.8506
34.206
33.5662
32.9302
32.2986
31.6708
31.0474
30.4279
29.8129
29.202
28.5958
27.994
27.397
26.8047
26.2172
25.6345
25.0568
24.4839
23.916
23.3529
22.7948
22.2415
21.6932
21.1494
20.6106
20.0762
19.5466
19.0213
18.5007
17.9842
17.4725
16.9648
16.4618
15.9629
15.4686
14.9782
14.4925
14.0105
13.5331
13.0594
12.5902
12.1245
11.6634
11.2056
10.7524
10.3024
9.85683
9.41442
8.97646
8.5415
8.111
7.6834
7.26028
6.83999
6.42418
6.01114
5.60259
5.19672
4.79532
4.39645
4.00195
3.60971
3.22174
2.83538
2.45353
2.06965
1.69693
1.29713
1.01045
0.573728
0.137945
57.3974
56.8878
56.4515
55.7176
54.7091
53.7061
52.7832
51.8997
51.0231
50.1429
49.2568
48.3671
47.4782
46.5965
45.7275
44.8757
44.0442
43.2344
42.4466
41.6801
40.9335
40.2051
39.4926
38.7944
38.1082
37.4325
36.7653
36.1058
35.4524
34.8048
34.1617
33.5233
32.8888
32.2585
31.6319
31.0094
30.3906
29.7762
29.1657
28.5597
27.958
27.3611
26.7687
26.1813
25.5985
25.0209
24.448
23.8803
23.3174
22.7597
22.2068
21.659
21.1158
20.5777
20.0441
19.5154
18.9911
18.4716
17.9563
17.4457
16.9392
16.4373
15.9395
15.4462
14.9568
14.4719
13.9908
13.5141
13.0411
12.5725
12.1074
11.6467
11.1895
10.7366
10.2871
9.84197
9.40011
8.96253
8.52818
8.0981
7.67118
7.24852
6.82895
6.41361
6.00129
5.59318
5.188
4.78699
4.38881
3.99477
3.60344
3.21629
2.83152
2.45191
2.07154
1.70442
1.30683
1.03007
0.583325
0.123066
58.8185
58.0038
56.8676
55.6887
54.5429
53.5644
52.7299
51.9502
51.1617
50.3392
49.4797
48.5912
47.6855
46.7757
45.8726
44.9851
44.1188
43.2772
42.4614
41.6713
40.9053
40.1617
39.4377
38.731
38.0392
37.3599
36.6912
36.0314
35.3789
34.7327
34.0919
33.456
32.8243
32.1967
31.5731
30.9533
30.3375
29.7256
29.1179
28.5143
27.9152
27.3204
26.7305
26.1451
25.5647
24.989
24.4183
23.8524
23.2917
22.7356
22.1847
21.6383
21.097
20.5602
20.0284
19.5009
18.9781
18.4597
17.9458
17.4362
16.931
16.4299
15.9332
15.4406
14.9523
14.4679
13.9878
13.5115
13.0394
12.5711
12.1068
11.6463
11.1898
10.7369
10.288
9.84276
9.40135
8.96363
8.52969
8.09943
7.67291
7.25008
6.83096
6.4155
6.0037
5.59552
5.19091
4.78984
4.3922
3.99802
3.60718
3.21984
2.83584
2.45597
2.07911
1.70885
1.33699
0.98054
0.604369
0.18991
65.3982
61.0903
57.8948
56.2073
54.9655
53.7219
52.4475
51.1908
49.9987
48.9028
47.9126
47.019
46.2038
45.4467
44.7297
44.0382
43.362
42.6941
42.03
41.3675
40.7051
40.0426
39.3799
38.7176
38.056
37.3956
36.7369
36.0803
35.4261
34.7749
34.1267
33.4822
32.8415
32.2049
31.5729
30.9455
30.3231
29.7057
29.0934
28.4863
27.8845
27.2879
26.6965
26.1102
25.5291
24.9531
24.3821
23.8162
23.2554
22.6995
22.1486
21.6025
21.0612
20.5245
19.9923
19.4645
18.941
18.4219
17.9072
17.3969
16.8911
16.3898
15.893
15.4006
14.9126
14.4289
13.9495
13.4744
13.0033
12.5363
12.0733
11.6142
11.1589
10.7074
10.2596
9.81544
9.37494
8.93806
8.50483
8.07528
7.64946
7.2274
6.80911
6.39455
5.98368
5.57634
5.17243
4.77175
4.37419
3.97959
3.58785
3.1989
2.81264
2.42919
2.04799
1.67036
1.29315
0.923219
0.554247
0.180502
62.1388
59.5466
57.3699
56.0699
54.9419
53.7611
52.5377
51.3186
50.1488
49.0595
48.0632
47.1549
46.3208
45.5439
44.8081
44.1003
43.4104
42.7314
42.0588
41.3895
40.7222
40.0559
39.3907
38.7264
38.0635
37.4022
36.7428
36.0858
35.4314
34.7799
34.1316
33.487
32.8462
32.2095
31.5773
30.9499
30.3273
29.7097
29.0973
28.49
27.888
27.2913
26.6997
26.1134
25.5322
24.9561
24.385
23.8191
23.2581
22.7022
22.1512
21.6051
21.0637
20.5269
19.9947
19.4668
18.9433
18.4242
17.9094
17.3991
16.8932
16.3918
15.8949
15.4024
14.9144
14.4306
13.9512
13.4759
13.0048
12.5377
12.0746
11.6155
11.1602
10.7086
10.2608
9.81657
9.37606
8.93911
8.50588
8.07624
7.6504
7.22823
6.8099
6.39522
5.9843
5.57685
5.17293
4.77218
4.37466
3.98003
3.58837
3.19942
2.81325
2.42983
2.04864
1.67142
1.29249
0.929048
0.555253
0.175037
60.5378
59.0802
57.5839
56.2942
55.0772
53.892
52.7161
51.5538
50.4273
49.3587
48.3603
47.4319
46.5667
45.7534
44.9809
44.2389
43.5189
42.8145
42.1213
41.4358
40.7561
40.0807
39.4088
38.74
38.074
37.4108
36.7504
36.0929
35.4383
34.7869
34.1389
33.4944
32.8538
32.2173
31.5851
30.9576
30.3348
29.717
29.1043
28.4967
27.8943
27.2972
26.7052
26.1185
25.5368
24.9604
24.3889
23.8227
23.2614
22.7052
22.1539
21.6076
21.0659
20.5289
19.9965
19.4685
18.9449
18.4257
17.9108
17.4004
16.8944
16.3929
15.8958
15.4033
14.915
14.4312
13.9516
13.4763
13.005
12.5379
12.0747
11.6155
11.16
10.7085
10.2606
9.8164
9.37581
8.93892
8.5056
8.076
7.65004
7.22788
6.8094
6.39471
5.98363
5.5762
5.17217
4.77153
4.37399
3.97957
3.58799
3.19935
2.81333
2.43033
2.04914
1.67259
1.29175
0.935891
0.551519
0.164335
59.5536
58.6643
57.5402
56.2696
54.9839
53.7967
52.6748
51.5824
50.5222
49.5031
48.5347
47.6167
46.7469
45.9187
45.1256
44.3607
43.6183
42.8934
42.1823
41.4818
40.7902
40.1054
39.4267
38.7528
38.0836
37.4183
36.757
36.0991
35.4448
34.7939
34.1466
33.5029
32.8631
32.2273
31.5958
30.9687
30.3463
29.7287
29.116
28.5083
27.9057
27.3083
26.716
26.129
25.547
24.9701
24.3983
23.8317
23.27
22.7134
22.1618
21.615
21.073
20.5357
20.003
19.4747
18.9508
18.4313
17.9163
17.4056
16.8994
16.3976
15.9004
15.4075
14.9192
14.4349
13.9553
13.4795
13.0082
12.5407
12.0775
11.6178
11.1625
10.7105
10.2627
9.81807
9.37764
8.94031
8.50717
8.07712
7.65136
7.2287
6.81043
6.39521
5.98436
5.57641
5.1727
4.77161
4.37454
3.9798
3.58885
3.20004
2.81481
2.43188
2.05144
1.67571
1.29354
0.947586
0.554598
0.155721
58.7603
58.0402
57.1808
56.0483
54.7887
53.6373
52.5835
51.5736
50.588
49.6289
48.7001
47.8032
46.9378
46.1021
45.2933
44.5083
43.7438
42.997
42.2653
41.5465
40.839
40.1409
39.4513
38.769
38.0932
37.423
36.7582
36.098
35.4424
34.7908
34.1435
33.5
32.8608
32.2255
31.5947
30.9682
30.3465
29.7293
29.1171
28.5097
27.9075
27.3102
26.7182
26.1312
25.5494
24.9725
24.4009
23.8342
23.2727
22.716
22.1644
21.6176
21.0757
20.5383
20.0056
19.4773
18.9535
18.4341
17.9191
17.4084
16.9022
16.4004
15.9031
15.4102
14.9217
14.4374
13.9575
13.4817
13.0102
12.5426
12.0791
11.6195
11.1638
10.7118
10.2637
9.81917
9.37841
8.94119
8.50773
8.07783
7.65172
7.22921
6.81055
6.39549
5.98423
5.57648
5.17238
4.77161
4.37427
3.98002
3.58896
3.20087
2.8157
2.43382
2.05337
1.6798
1.29484
0.962606
0.559329
0.146013
58.1384
57.5109
56.8392
55.8632
54.6727
53.5641
52.5679
51.6258
50.7045
49.798
48.906
48.0301
47.1713
46.3309
45.5093
44.7066
43.9219
43.1545
42.4028
41.6659
40.9419
40.23
39.5283
38.8364
38.1523
37.476
36.8059
36.142
35.483
34.8294
34.1799
33.5354
32.8948
32.2589
31.6271
31.0002
30.3775
29.7598
29.1467
28.5388
27.9356
27.3377
26.7447
26.157
25.5743
24.9968
24.4243
23.8571
23.2948
22.7377
22.1853
21.6381
21.0955
20.5577
20.0244
19.4959
18.9716
18.452
17.9364
17.4257
16.9189
16.417
15.9191
15.426
14.9368
14.4524
13.9716
13.4957
13.0232
12.5555
12.0911
11.6314
11.1747
10.7227
10.2737
9.82917
9.38749
8.9504
8.51602
8.08631
7.65928
7.237
6.81737
6.40255
5.99029
5.58282
5.17774
4.77736
4.37914
3.98549
3.59374
3.20652
2.82087
2.44028
2.05926
1.68843
1.29956
0.985319
0.568324
0.138652
57.6939
57.1401
56.5836
55.7182
54.5852
53.4991
52.5238
51.6084
50.7147
49.8313
48.9546
48.0851
47.2245
46.376
45.5421
44.7251
43.9259
43.1449
42.3817
41.6353
40.9045
40.1878
39.4838
38.7908
38.1076
37.4328
36.7653
36.1042
35.4487
34.7983
34.1525
33.511
32.8737
32.2405
31.6114
30.9865
30.3659
29.7496
29.1379
28.5308
27.9284
27.3309
26.7383
26.1507
25.5682
24.9906
24.4182
23.8508
23.2885
22.7312
22.1789
21.6315
21.089
20.5512
20.0181
19.4895
18.9656
18.4461
17.931
17.4204
16.9142
16.4123
15.9148
15.4217
14.9329
14.4483
13.968
13.4917
13.0196
12.5516
12.0875
11.6274
11.1711
10.7187
10.2702
9.82533
9.38423
8.94683
8.51311
8.08309
7.65675
7.23411
6.81514
6.39988
5.98825
5.58026
5.17583
4.77494
4.37748
3.98344
3.59265
3.20526
2.8208
2.44045
2.0605
1.69145
1.29972
1.00478
0.575275
0.129026
57.3952
56.8858
56.4498
55.7152
54.7057
53.7019
52.7788
51.896
51.0203
50.1414
49.2566
48.3683
47.4805
46.5997
45.7311
44.8797
44.048
43.2381
42.4498
41.6829
40.9357
40.2068
39.4939
38.7953
38.1087
37.4327
36.7653
36.1056
35.452
34.8042
34.1611
33.5226
32.8881
32.2577
31.631
31.0085
30.3897
29.7753
29.1648
28.5589
27.9573
27.3604
26.7681
26.1808
25.5981
25.0206
24.4479
23.8803
23.3175
22.76
22.2071
21.6594
21.1163
20.5782
20.0446
19.5159
18.9915
18.4718
17.9564
17.4457
16.939
16.437
15.939
15.4456
14.9562
14.4713
13.9902
13.5136
13.0406
12.5721
12.1072
11.6466
11.1896
10.7368
10.2874
9.84232
9.4005
8.96293
8.52857
8.09846
7.67151
7.24881
6.82921
6.41386
6.00153
5.59343
5.18826
4.78728
4.38912
3.99509
3.60373
3.21654
2.83169
2.45201
2.07157
1.7044
1.30676
1.03
0.583296
0.123017
57.29
56.3673
55.6717
54.9814
54.1725
53.3433
52.5582
51.7915
51.0114
50.2021
49.3627
48.4976
47.6165
46.7297
45.8475
44.9776
44.1263
43.2964
42.4903
41.707
40.9466
40.2061
39.4845
38.7785
38.0868
37.4063
36.7362
36.0738
35.4189
34.7693
34.1255
33.4856
32.8505
32.2188
31.5915
30.9676
30.3482
29.7323
29.1212
28.5138
27.9116
27.3134
26.7206
26.132
25.5491
24.9707
24.3979
23.8297
23.2672
22.7091
22.1569
21.6089
21.0668
20.5286
19.9962
19.4676
18.9447
18.4254
17.9117
17.4013
16.8965
16.395
15.899
15.406
14.9185
14.4339
13.9548
13.4783
13.0073
12.5389
12.0758
11.6152
11.16
10.707
10.2595
9.8142
9.3743
8.93648
8.50412
8.07373
7.64884
7.22583
6.80835
6.39262
5.98242
5.57387
5.17082
4.7693
4.37325
3.97861
3.58939
3.20159
2.81909
2.43928
2.06209
1.69764
1.3022
1.039
0.583368
0.104866
58.7708
57.7463
56.4978
55.3449
54.2833
53.3745
52.5955
51.8626
51.1165
50.3273
49.4936
48.6212
47.7249
46.8174
45.9126
45.0196
44.1466
43.2971
42.474
41.6766
40.9049
40.1557
39.4278
38.7175
38.0232
37.3416
36.6714
36.0101
35.3566
34.7094
34.0677
33.4309
32.7983
32.1699
31.5452
30.9246
30.3075
29.6948
29.0858
28.4815
27.881
27.2858
26.6945
26.1088
25.5273
24.9514
24.3798
23.814
23.2526
22.6968
22.1454
21.5995
21.058
20.5219
19.9899
19.4633
18.9406
18.4231
17.9095
17.4008
16.8961
16.396
15.8999
15.4082
14.9206
14.4372
13.9578
13.4825
13.0112
12.5437
12.0804
11.6207
11.1651
10.713
10.2652
9.82054
9.38026
8.94306
8.51029
8.08045
7.65515
7.23264
6.81477
6.39954
5.98902
5.58097
5.17764
4.77655
4.38018
3.98582
3.59615
3.20838
2.82537
2.4446
2.0682
1.69617
1.32427
0.967236
0.596323
0.189642
66.7181
62.0528
58.5086
56.5903
55.2075
53.8936
52.5982
51.3454
50.1646
49.0792
48.0956
47.2047
46.3879
45.6251
44.8985
44.1944
43.5033
42.8192
42.1387
41.4599
40.7821
40.1053
39.4297
38.7559
38.0844
37.4155
36.7497
36.0873
35.4285
34.7736
34.1229
33.4764
32.8346
32.1975
31.5653
30.9381
30.3161
29.6994
29.0879
28.4817
27.8809
27.2852
26.6949
26.1097
25.5296
24.9547
24.3848
23.8199
23.2601
22.7051
22.155
21.6096
21.069
20.5329
20.0013
19.474
18.9512
18.4326
17.9184
17.4086
16.9032
16.4022
15.9056
15.4134
14.9255
14.4419
13.9625
13.4872
13.0161
12.549
12.0859
11.6266
11.1712
10.7194
10.2715
9.82711
9.38648
8.94942
8.51612
8.08643
7.66055
7.23834
6.81994
6.40516
5.99408
5.58646
5.18231
4.78135
4.3836
3.9888
3.59698
3.20794
2.8217
2.43814
2.05712
1.67886
1.3026
0.929701
0.557694
0.185913
63.5228
60.7332
58.1146
56.4538
55.1337
53.8775
52.642
51.4379
50.2895
49.218
48.2332
47.33
46.495
45.712
44.9658
44.2443
43.5385
42.8425
42.1526
41.4666
40.7835
40.1029
39.4248
38.7494
38.0769
37.4076
36.7417
36.0794
35.421
34.7665
34.1163
33.4704
32.829
32.1923
31.5605
30.9338
30.312
29.6956
29.0844
28.4785
27.8778
27.2824
26.6922
26.1073
25.5273
24.9526
24.3829
23.8182
23.2584
22.7037
22.1536
21.6085
21.0679
20.5319
20.0004
19.4733
18.9505
18.4321
17.9179
17.4082
16.9028
16.4019
15.9053
15.4132
14.9253
14.4417
13.9623
13.4872
13.0161
12.549
12.0859
11.6266
11.1712
10.7196
10.2716
9.82729
9.38663
8.94963
8.51629
8.08664
7.66071
7.23851
6.82005
6.40528
5.99416
5.58657
5.18241
4.7815
4.38377
3.98903
3.59725
3.20827
2.82207
2.43858
2.0576
1.67956
1.303
0.931395
0.558026
0.184218
61.9407
60.3165
58.2697
56.5724
55.1604
53.9102
52.7367
51.6045
50.5127
49.473
48.4939
47.5761
46.7133
45.8962
45.115
44.3606
43.6261
42.9061
42.1969
41.4959
40.8016
40.1128
39.4289
38.7496
38.0748
37.404
36.7375
36.075
35.4168
34.7626
34.1127
33.4671
32.8262
32.1897
31.5582
30.9315
30.31
29.6934
29.0823
28.4762
27.8755
27.2799
26.6897
26.1046
25.5247
24.9498
24.3802
23.8154
23.2557
22.7009
22.151
21.6058
21.0654
20.5294
19.998
19.4709
18.9484
18.43
17.9161
17.4064
16.9012
16.4002
15.9038
15.4116
14.9239
14.4403
13.9611
13.4859
13.0149
12.5479
12.0849
11.6256
11.1703
10.7187
10.2708
9.82652
9.38599
8.94895
8.5157
8.08599
7.66012
7.23785
6.81945
6.40462
5.99357
5.58596
5.18192
4.78106
4.38351
3.98888
3.59733
3.20853
2.82264
2.43948
2.0589
1.68143
1.30498
0.934794
0.559399
0.182012
60.9544
59.8161
58.0931
56.4371
55.0021
53.7841
52.6894
51.6447
50.6305
49.6451
48.6965
47.7858
46.9137
46.0761
45.2688
44.4866
43.7254
42.9813
42.2515
41.5336
40.8258
40.1267
39.4354
38.7508
38.0725
37.3998
36.7324
36.0698
35.4119
34.7585
34.1096
33.4651
32.8251
32.1897
31.5589
30.933
30.3118
29.6959
29.0847
28.479
27.8781
27.2827
26.6921
26.107
25.5267
24.9519
24.3818
23.817
23.2569
22.7021
22.1518
21.6066
21.0658
20.5299
19.9982
19.4712
18.9484
18.4301
17.916
17.4064
16.901
16.4002
15.9036
15.4114
14.9236
14.44
13.9606
13.4854
13.0144
12.5473
12.0842
11.625
11.1697
10.7179
10.2701
9.82572
9.38525
8.94809
8.51494
8.08507
7.65933
7.23686
6.81861
6.40356
5.99272
5.5849
5.18116
4.78015
4.38301
3.98831
3.5973
3.20855
2.82343
2.44055
2.06102
1.68426
1.30889
0.940229
0.564489
0.181072
60.1619
59.1771
57.6905
56.1774
54.7971
53.6436
52.6335
51.6826
50.7456
49.8185
48.9018
48.0028
47.1241
46.2684
45.4358
44.6256
43.8362
43.0661
42.313
41.5757
40.8517
40.1404
39.4394
38.7484
38.0654
37.3902
36.7214
36.0588
35.4014
34.7492
34.1016
33.4588
32.8204
32.1864
31.5572
30.9323
30.3124
29.6971
29.0869
28.4813
27.8811
27.2856
26.6956
26.1102
25.5303
24.955
24.3852
23.82
23.2602
22.7048
22.1547
21.6091
21.0685
20.5322
20.0007
19.4734
18.9507
18.4322
17.9182
17.4084
16.9031
16.4021
15.9055
15.4133
14.9252
14.4416
13.9619
13.4868
13.0153
12.5484
12.0848
11.6258
11.1699
10.7185
10.2701
9.82615
9.38492
8.94836
8.51439
8.08522
7.65857
7.2369
6.81765
6.4035
5.9916
5.5848
5.17998
4.78014
4.38196
3.98864
3.59669
3.20961
2.82372
2.44296
2.06294
1.68911
1.31324
0.948773
0.571038
0.18133
59.5408
58.6402
57.3236
55.953
54.6568
53.5658
52.6315
51.7557
50.8866
50.0071
49.1193
48.2292
47.3443
46.4712
45.6144
44.7769
43.96
43.1638
42.388
41.6308
40.8913
40.1673
39.4575
38.7598
38.073
37.3953
36.726
36.0635
35.4073
34.7566
34.1109
33.4699
32.8334
32.2013
31.5735
30.9502
30.3311
29.7168
29.1069
28.5019
27.9015
27.3063
26.7157
26.1304
25.5498
24.9745
24.4039
23.8385
23.2778
22.7223
22.1714
21.6255
21.0842
20.5476
20.0155
19.488
18.9648
18.4461
17.9317
17.4217
16.916
16.4147
15.9177
15.425
14.9367
14.4525
13.9727
13.4967
13.0252
12.5574
12.0939
11.6338
11.1781
10.7256
10.2774
9.83238
9.3916
8.95384
8.52044
8.09002
7.66406
7.24104
6.8226
6.40701
5.99603
5.58774
5.18397
4.78266
4.38575
3.99104
3.60063
3.21235
2.82836
2.44676
2.06922
1.69539
1.32236
0.959153
0.581949
0.183787
59.0946
58.2502
57.0349
55.7654
54.5371
53.4972
52.6129
51.7896
50.9659
50.1197
49.2498
48.3629
47.4692
46.5783
45.6987
44.8361
43.9945
43.1756
42.38
41.6069
40.8549
40.1222
39.4066
38.706
38.0184
37.3418
36.6746
36.0153
35.3629
34.7162
34.0748
33.4379
32.8054
32.177
31.5526
30.9321
30.3157
29.7035
29.0956
28.492
27.893
27.2985
26.7089
26.124
25.544
24.9688
24.3986
23.8333
23.2729
22.7174
22.1668
21.6209
21.0798
20.5433
20.0114
19.4841
18.9612
18.4428
17.9287
17.4189
16.9136
16.4125
15.9157
15.4232
14.935
14.451
13.9711
13.4954
13.0237
12.556
12.0923
11.6325
11.1765
10.7243
10.2759
9.83112
9.39009
8.95272
8.51905
8.08906
7.66279
7.24023
6.82139
6.40626
5.99482
5.58702
5.18278
4.78205
4.38473
3.99077
3.6001
3.21279
2.82876
2.44859
2.07145
1.70008
1.32771
0.968169
0.59138
0.185079
58.8108
57.9975
56.8613
55.6816
54.5354
53.5576
52.725
51.9479
51.1625
50.3429
49.4859
48.5992
47.6945
46.7851
45.8817
44.9935
44.1259
43.2829
42.4655
41.674
40.9066
40.1618
39.4368
38.7294
38.037
37.3574
36.6884
36.0285
35.3761
34.7301
34.0894
33.4537
32.8222
32.1949
31.5714
30.9518
30.3361
29.7244
29.1168
28.5134
27.9144
27.3199
26.7301
26.1449
25.5646
24.989
24.4186
23.8528
23.2922
22.7363
22.1854
21.6392
21.0979
20.5611
20.0292
19.5017
18.9788
18.4602
17.9462
17.4363
16.9309
16.4296
15.9328
15.4401
14.9517
14.4673
13.9871
13.511
13.0389
12.5708
12.1067
11.6464
11.19
10.7373
10.2885
9.84338
9.40202
8.96431
8.53035
8.10005
7.67349
7.25061
6.83146
6.41599
6.0042
5.59604
5.19145
4.79039
4.39276
3.99857
3.60768
3.22028
2.83619
2.45622
2.07926
1.70891
1.33698
0.980481
0.604286
0.189878
58.7666
57.7434
56.4953
55.3423
54.2805
53.3721
52.594
51.8624
51.1176
50.3296
49.497
48.6255
47.7297
46.8222
45.9172
45.0237
44.1501
43.2997
42.4758
41.6777
40.9052
40.1554
39.427
38.7162
38.0217
37.3399
36.6696
36.0082
35.3548
34.7077
34.0662
33.4295
32.797
32.1688
31.5442
30.9237
30.3067
29.6941
29.0852
28.481
27.8806
27.2854
26.6943
26.1086
25.5272
24.9514
24.3799
23.8142
23.2528
22.6971
22.1457
21.5999
21.0584
20.5223
19.9903
19.4636
18.941
18.4234
17.9098
17.401
16.8962
16.396
15.8998
15.4081
14.9204
14.437
13.9576
13.4823
13.0111
12.5437
12.0804
11.6208
11.1653
10.7132
10.2654
9.82084
9.38058
8.94339
8.51062
8.08078
7.65546
7.23294
6.81506
6.39983
5.98931
5.58126
5.17795
4.77687
4.3805
3.98613
3.59644
3.20863
2.82557
2.44474
2.06829
1.6962
1.32427
0.967228
0.596285
0.189649
60.0264
58.5854
56.9419
55.5896
54.4655
53.5523
52.7709
52.0353
51.2797
50.4823
49.637
48.7542
47.8457
46.9267
46.0093
45.1046
44.2194
43.3591
42.5251
41.7189
40.9382
40.1824
39.4478
38.7329
38.0341
37.3496
36.6767
36.0137
35.3589
34.7108
34.0689
33.4317
32.7995
32.171
31.5472
30.9266
30.3107
29.698
29.0904
28.4861
27.8872
27.2919
26.7023
26.1165
25.5366
24.9607
24.3908
23.8248
23.2649
22.709
22.1591
21.6131
21.0729
20.5365
20.0058
19.4789
18.9572
18.4394
17.9267
17.4177
16.9136
16.4132
15.9175
15.4257
14.9381
14.4546
13.9752
13.4998
13.0282
12.5609
12.097
11.6375
11.1813
10.7295
10.2808
9.83658
9.39527
8.95863
8.52468
8.09556
7.66893
7.24729
6.82794
6.41372
6.00157
5.59463
5.1895
4.7896
4.3912
3.99803
3.60603
3.21931
2.8334
2.45288
2.07221
1.69681
1.31875
0.945517
0.566569
0.188288
)
;

boundaryField
{
    inlet
    {
        type            zeroGradient;
    }
    outlet
    {
        type            fixedValue;
        value           uniform 0;
    }
    Wall
    {
        type            zeroGradient;
    }
}


// ************************************************************************* //
