/*--------------------------------*- C++ -*----------------------------------*\
| =========                 |                                                 |
| \\      /  F ield         | OpenFOAM: The Open Source CFD Toolbox           |
|  \\    /   O peration     | Version:  5.x                                   |
|   \\  /    A nd           | Web:      www.OpenFOAM.org                      |
|    \\/     M anipulation  |                                                 |
\*---------------------------------------------------------------------------*/
/*   Windows 32 and 64 bit porting by blueCAPE: http://www.bluecape.com.pt   *\
|  Based on Windows porting (2.0.x v4) by Symscape: http://www.symscape.com   |
\*---------------------------------------------------------------------------*/
FoamFile
{
    version     2.0;
    format      ascii;
    class       volScalarField;
    location    "40";
    object      p;
}
// * * * * * * * * * * * * * * * * * * * * * * * * * * * * * * * * * * * * * //

dimensions      [0 2 -2 0 0 0 0];

internalField   nonuniform List<scalar> 
10000
(
72.6253
64.8754
59.7859
57.2983
55.238
53.1901
51.4109
49.9484
48.7018
47.5987
46.6149
45.7383
44.9524
44.2382
43.5778
42.9555
42.3586
41.7771
41.2041
40.6346
40.0655
39.4949
38.9222
38.347
37.7696
37.1904
36.61
36.0289
35.4478
34.8672
34.2875
33.7093
33.1328
32.5584
31.9862
31.4165
30.8495
30.2852
29.7237
29.1652
28.6095
28.0569
27.5072
26.9605
26.4169
25.8762
25.3384
24.8037
24.2718
23.7429
23.2168
22.6935
22.1731
21.6554
21.1404
20.6281
20.1185
19.6115
19.107
18.6051
18.1057
17.6087
17.1142
16.622
16.1322
15.6447
15.1595
14.6765
14.1957
13.717
13.2405
12.7661
12.2938
11.8235
11.3552
10.8888
10.4244
9.96192
9.5013
9.04253
8.58559
8.13043
7.67703
7.22537
6.77541
6.32714
5.88052
5.43553
4.99214
4.55034
4.11009
3.67137
3.23417
2.79844
2.3642
1.93136
1.50013
1.06986
0.64218
0.212505
69.4445
63.5219
59.2739
57.0703
55.1746
53.2071
51.4409
49.9663
48.7059
47.5935
46.6055
45.7287
44.9446
44.2325
43.5736
42.9524
42.3561
41.7751
41.2024
40.633
40.064
39.4936
38.9209
38.3458
37.7685
37.1894
36.6091
36.0281
35.4471
34.8666
34.2871
33.7089
33.1325
32.5582
31.9861
31.4165
30.8495
30.2852
29.7238
29.1652
28.6096
28.057
27.5073
26.9606
26.417
25.8763
25.3385
24.8037
24.2719
23.7429
23.2168
22.6936
22.1731
21.6554
21.1404
20.6281
20.1185
19.6115
19.107
18.6051
18.1057
17.6087
17.1142
16.622
16.1322
15.6447
15.1595
14.6764
14.1956
13.717
13.2405
12.7661
12.2937
11.8234
11.3551
10.8888
10.4244
9.96188
9.50126
9.0425
8.58555
8.13039
7.67699
7.22533
6.77537
6.3271
5.88048
5.43548
4.9921
4.5503
4.11005
3.67133
3.23412
2.7984
2.36416
1.93131
1.50012
1.06978
0.642524
0.212077
67.8697
63.1424
59.2977
57.05
55.1727
53.2688
51.5267
50.0455
48.7745
47.6552
46.663
45.7834
44.9968
44.2815
43.6185
42.9925
42.3913
41.8057
41.2288
40.6556
40.0831
39.5095
38.9341
38.3566
37.7772
37.1963
36.6144
36.0322
35.4501
34.8687
34.2884
33.7097
33.1328
32.5581
31.9857
31.4158
30.8486
30.2842
29.7227
29.164
28.6084
28.0557
27.506
26.9593
26.4157
25.875
25.3373
24.8025
24.2707
23.7418
23.2157
22.6925
22.172
21.6544
21.1394
20.6272
20.1176
19.6106
19.1062
18.6043
18.1049
17.608
17.1134
16.6213
16.1315
15.644
15.1588
14.6758
14.195
13.7164
13.2399
12.7655
12.2932
11.8229
11.3546
10.8883
10.4239
9.96141
9.50081
9.04205
8.58512
8.12997
7.67658
7.22493
6.77498
6.32672
5.8801
5.43512
4.99175
4.54995
4.10971
3.671
3.2338
2.79807
2.36384
1.93098
1.49984
1.06943
0.642819
0.211244
66.8662
62.527
58.9715
56.8219
55.034
53.225
51.5388
50.0803
48.8218
47.7132
46.7294
45.8552
45.0717
44.3573
43.6929
43.0634
42.4579
41.8676
41.2859
40.7081
40.1311
39.5531
38.9735
38.3921
37.8091
37.225
36.6402
36.0553
35.4709
34.8875
34.3054
33.725
33.1467
32.5706
31.9971
31.4262
30.8581
30.2929
29.7306
29.1713
28.6151
28.0619
27.5117
26.9646
26.4205
25.8794
25.3414
24.8063
24.2742
23.745
23.2187
22.6952
22.1746
21.6567
21.1416
20.6292
20.1194
19.6123
19.1077
18.6057
18.1062
17.6092
17.1145
16.6223
16.1324
15.6449
15.1596
14.6765
14.1957
13.717
13.2404
12.766
12.2936
11.8233
11.355
10.8886
10.4242
9.96165
9.50101
9.04223
8.58527
8.1301
7.67669
7.22502
6.77505
6.32677
5.88015
5.43515
4.99176
4.54996
4.1097
3.67098
3.23376
2.79802
2.36376
1.93088
1.49973
1.06929
0.642909
0.210735
66.0707
61.8823
58.5959
56.6261
54.9362
53.1956
51.5539
50.1189
48.8748
47.7785
46.8053
45.9392
45.161
44.4491
43.7844
43.1524
42.5425
41.9469
41.3593
40.7754
40.1925
39.6088
39.0238
38.4373
37.8497
37.2614
36.6729
36.0848
35.4974
34.9114
34.327
33.7446
33.1645
32.5869
32.0119
31.4398
30.8707
30.3045
29.7413
29.1813
28.6243
28.0704
27.5197
26.9721
26.4275
25.886
25.3476
24.8122
24.2798
23.7503
23.2237
22.7
22.1791
21.661
21.1457
20.6331
20.1232
19.6159
19.1111
18.609
18.1093
17.6121
17.1174
16.625
16.135
15.6474
15.162
14.6788
14.1978
13.7191
13.2424
12.7679
12.2954
11.825
11.3566
10.8902
10.4257
9.9631
9.5024
9.04355
8.58653
8.1313
7.67784
7.22612
6.7761
6.32777
5.8811
5.43607
4.99264
4.55079
4.1105
3.67174
3.23448
2.79869
2.36437
1.93143
1.50015
1.06967
0.642846
0.210815
65.461
61.3722
58.2696
56.4418
54.829
53.1407
51.5417
50.138
48.916
47.8371
46.8782
46.0232
45.2528
44.5454
43.882
43.2486
42.6351
42.0344
41.441
40.8511
40.2621
39.6726
39.082
38.4904
37.8981
37.3055
36.7132
36.1216
35.5312
34.9425
34.3557
33.7711
33.1891
32.6098
32.0333
31.4599
30.8894
30.3221
29.7579
29.1969
28.6391
28.0844
27.533
26.9846
26.4395
25.8974
25.3584
24.8225
24.2896
23.7597
23.2327
22.7086
22.1874
21.6689
21.1533
20.6404
20.1302
19.6226
19.1176
18.6152
18.1153
17.618
17.123
16.6304
16.1403
15.6524
15.1668
14.6835
14.2024
13.7235
13.2467
12.7721
12.2995
11.8289
11.3604
10.8939
10.4293
9.96657
9.50577
9.04683
8.58972
8.13441
7.68086
7.22906
6.77897
6.33057
5.88384
5.43874
4.99525
4.55334
4.11299
3.67417
3.23685
2.801
2.3666
1.93359
1.50209
1.07154
0.643858
0.211951
65.0301
61.0011
57.9906
56.247
54.6967
53.058
51.5016
50.1312
48.9334
47.8729
46.9289
46.0859
45.3242
44.6221
43.9608
43.3265
42.71
42.1047
41.5059
40.9102
40.3154
39.7202
39.1242
38.5276
37.9307
37.334
36.738
36.1433
35.5501
34.959
34.3702
33.7839
33.2003
32.6197
32.0421
31.4677
30.8964
30.3283
29.7635
29.202
28.6437
28.0886
27.5368
26.9882
26.4427
25.9004
25.3612
24.8251
24.292
23.7619
23.2348
22.7106
22.1892
21.6707
21.1549
20.6419
20.1316
19.624
19.119
18.6165
18.1165
17.6191
17.1241
16.6315
16.1412
15.6533
15.1677
14.6844
14.2032
13.7243
13.2475
12.7728
12.3001
11.8296
11.361
10.8944
10.4298
9.96711
9.50629
9.04733
8.5902
8.13486
7.6813
7.22948
6.77938
6.33096
5.88422
5.43911
4.99561
4.5537
4.11335
3.67453
3.23721
2.80137
2.36696
1.93393
1.50235
1.07175
0.643669
0.212017
64.774
60.7927
57.8416
56.1599
54.6597
53.0549
51.5232
50.1736
48.9931
47.9465
47.0141
46.1807
45.4266
44.7293
44.0699
43.4347
42.8149
42.2046
41.5996
40.9971
40.3952
39.7931
39.1904
38.5874
37.9846
37.3824
36.7816
36.1824
35.5852
34.9905
34.3985
33.8094
33.2233
32.6404
32.0608
31.4846
30.9117
30.3422
29.7761
29.2133
28.654
28.098
27.5453
26.9959
26.4498
25.9069
25.3671
24.8305
24.2969
23.7664
23.2389
22.7143
22.1927
21.6738
21.1578
20.6446
20.1341
19.6262
19.121
18.6183
18.1182
17.6206
17.1255
16.6328
16.1424
15.6544
15.1687
14.6853
14.2041
13.725
13.2482
12.7734
12.3007
11.8301
11.3615
10.8949
10.4303
9.96751
9.50666
9.04768
8.59052
8.13516
7.68158
7.22975
6.77963
6.33121
5.88446
5.43935
4.99586
4.55395
4.11362
3.67482
3.23753
2.80173
2.36738
1.93442
1.50299
1.07238
0.644795
0.212084
64.7531
60.6164
57.5977
55.9578
54.5194
52.9542
51.4471
50.1194
48.9595
47.9304
47.0118
46.1894
45.4436
44.7523
44.0966
43.4632
42.8434
42.2318
41.6247
41.0195
40.4147
39.8096
39.2042
38.5986
37.9935
37.3893
36.7867
36.1861
35.5877
34.9919
34.399
33.8091
33.2224
32.639
32.0589
31.4822
30.909
30.3392
29.7728
29.2098
28.6502
28.094
27.5412
26.9916
26.4453
25.9023
25.3624
24.8257
24.292
23.7614
23.2338
22.7092
22.1875
21.6686
21.1526
20.6393
20.1287
19.6208
19.1156
18.6129
18.1128
17.6152
17.1201
16.6274
16.137
15.6491
15.1634
14.6799
14.1988
13.7198
13.2429
12.7682
12.2956
11.825
11.3564
10.8898
10.4252
9.96252
9.50172
9.04278
8.58567
8.13037
7.67684
7.22506
6.775
6.32664
5.87995
5.43491
4.99149
4.54967
4.10942
3.67072
3.23356
2.79791
2.36377
1.93102
1.50008
1.06967
0.643915
0.21051
65.9202
61.3448
58.0032
56.2231
54.7174
53.1025
51.5592
50.2128
49.0499
48.0277
47.1201
46.3083
45.5702
44.8828
44.2271
43.5904
42.9648
42.3455
41.7293
41.1145
40.5
39.8856
39.2712
38.6573
38.0445
37.4335
36.8248
36.2187
35.6156
35.0156
34.419
33.8259
33.2363
32.6504
32.0682
31.4897
30.9148
30.3436
29.7761
29.2121
28.6517
28.0948
27.5414
26.9913
26.4446
25.9013
25.3611
24.8241
24.2903
23.7596
23.2319
22.7072
22.1854
21.6665
21.1505
20.6372
20.1266
19.6188
19.1136
18.611
18.1109
17.6134
17.1183
16.6256
16.1354
15.6474
15.1618
14.6785
14.1974
13.7184
13.2417
12.767
12.2944
11.8239
11.3554
10.8889
10.4244
9.96173
9.50099
9.04211
8.58506
8.12981
7.67634
7.22461
6.77461
6.3263
5.87967
5.43468
4.99132
4.54956
4.10939
3.67078
3.23372
2.79819
2.3642
1.93164
1.50083
1.0707
0.644046
0.211856
69.4445
63.5219
59.2739
57.0703
55.1747
53.2072
51.4409
49.9663
48.7059
47.5935
46.6055
45.7287
44.9446
44.2325
43.5736
42.9524
42.3561
41.7751
41.2024
40.633
40.064
39.4936
38.9209
38.3458
37.7685
37.1894
36.6091
36.0281
35.4471
34.8666
34.2871
33.7089
33.1325
32.5582
31.9861
31.4165
30.8495
30.2852
29.7238
29.1652
28.6096
28.057
27.5073
26.9606
26.417
25.8763
25.3385
24.8037
24.2719
23.7429
23.2168
22.6936
22.1731
21.6554
21.1404
20.6281
20.1185
19.6115
19.107
18.6051
18.1057
17.6087
17.1142
16.622
16.1322
15.6447
15.1595
14.6764
14.1956
13.717
13.2405
12.7661
12.2937
11.8234
11.3551
10.8888
10.4244
9.96188
9.50126
9.0425
8.58555
8.13039
7.67699
7.22533
6.77537
6.3271
5.88048
5.43548
4.9921
4.55029
4.11005
3.67133
3.23412
2.7984
2.36416
1.93131
1.50012
1.06978
0.642524
0.212077
66.1502
62.0904
58.7897
56.8977
55.165
53.2792
51.5233
50.0329
48.7588
47.6383
46.6447
45.7635
44.9758
44.2603
43.5978
42.9726
42.3725
41.7881
41.2125
40.6408
40.07
39.4982
38.9245
38.3487
37.771
37.1916
36.6112
36.0302
35.4492
34.8687
34.2892
33.7112
33.1348
32.5605
31.9884
31.4188
30.8518
30.2875
29.726
29.1674
28.6118
28.059
27.5093
26.9626
26.4188
25.8781
25.3403
24.8054
24.2735
23.7445
23.2183
22.695
22.1745
21.6567
21.1417
20.6293
20.1197
19.6126
19.1081
18.6061
18.1067
17.6097
17.1151
16.6229
16.133
15.6455
15.1602
14.6772
14.1964
13.7177
13.2412
12.7667
12.2944
11.824
11.3557
10.8893
10.4249
9.96241
9.50178
9.043
8.58604
8.13086
7.67746
7.22578
6.77581
6.32752
5.88089
5.43589
4.99249
4.55068
4.11042
3.6717
3.23448
2.79874
2.3645
1.93162
1.50049
1.07005
0.643681
0.211208
64.6106
61.7979
58.9331
56.9475
55.1847
53.3587
51.6439
50.1609
48.8828
47.756
46.7544
45.864
45.067
44.3426
43.6713
43.0376
42.4293
41.8373
41.2548
40.677
40.1007
39.5241
38.9462
38.3667
37.7858
37.2037
36.621
36.038
35.4554
34.8735
34.2929
33.7139
33.1369
32.5619
31.9894
31.4194
30.8521
30.2876
29.726
29.1673
28.6115
28.0587
27.5089
26.9622
26.4184
25.8776
25.3398
24.805
24.2731
23.7441
23.2179
22.6946
22.1741
21.6564
21.1414
20.6291
20.1194
19.6124
19.1079
18.6059
18.1065
17.6095
17.1149
16.6228
16.1329
15.6454
15.1601
14.6771
14.1963
13.7176
13.2411
12.7667
12.2943
11.824
11.3557
10.8893
10.4249
9.9624
9.50177
9.04299
8.58603
8.13086
7.67745
7.22578
6.77581
6.32752
5.88089
5.43589
4.9925
4.55069
4.11043
3.6717
3.23449
2.79874
2.36449
1.9316
1.50053
1.07004
0.644898
0.209511
63.6188
61.1715
58.5793
56.6827
55.0158
53.3049
51.6627
50.2083
48.9422
47.8248
46.8308
45.9453
45.1508
44.4269
43.7543
43.1176
42.5053
41.9085
41.321
40.738
40.1566
39.575
38.9924
38.4084
37.8233
37.2373
36.6511
36.065
35.4796
34.8953
34.3125
33.7316
33.1529
32.5765
32.0027
31.4316
30.8633
30.2979
29.7355
29.176
28.6196
28.0662
27.5159
26.9686
26.4244
25.8832
25.345
24.8098
24.2775
23.7482
23.2218
22.6983
22.1775
21.6596
21.1444
20.6319
20.122
19.6148
19.1102
18.6081
18.1085
17.6114
17.1167
16.6244
16.1345
15.6469
15.1615
14.6784
14.1975
13.7188
13.2422
12.7677
12.2953
11.8249
11.3565
10.8901
10.4257
9.96312
9.50245
9.04363
8.58664
8.13143
7.678
7.22629
6.7763
6.32799
5.88134
5.43632
4.99291
4.55108
4.1108
3.67206
3.23481
2.79904
2.36475
1.93183
1.50073
1.07023
0.645487
0.208802
62.8217
60.5064
58.1862
56.4853
54.926
53.2878
51.6917
50.2598
49.0061
47.8998
46.9159
46.0374
45.2464
44.5229
43.8483
43.2076
42.59
41.9872
41.3935
40.8044
40.217
39.6298
39.0418
38.4528
37.8631
37.2731
36.683
36.0936
35.5052
34.9183
34.3332
33.7502
33.1696
32.5917
32.0165
31.4441
30.8748
30.3084
29.7451
29.185
28.6279
28.0739
27.5231
26.9753
26.4307
25.8891
25.3505
24.815
24.2825
23.7529
23.2263
22.7025
22.1816
21.6634
21.148
20.6354
20.1254
19.6181
19.1133
18.6111
18.1114
17.6142
17.1194
16.627
16.1369
15.6492
15.1638
14.6806
14.1996
13.7208
13.2441
12.7695
12.297
11.8266
11.3581
10.8917
10.4272
9.96455
9.50382
9.04495
8.5879
8.13264
7.67915
7.2274
6.77736
6.32901
5.88232
5.43726
4.99381
4.55195
4.11164
3.67285
3.23556
2.79974
2.36538
1.93239
1.5011
1.07059
0.645035
0.209278
62.2108
59.9857
57.8516
56.3006
54.82
53.2331
51.6808
50.2823
49.0522
47.9641
46.9947
46.1268
45.3423
44.6217
43.947
43.3039
42.6821
42.0741
41.4746
40.8795
40.2864
39.6935
39.1002
38.5064
37.9121
37.3178
36.724
36.1312
35.5397
34.9501
34.3625
33.7774
33.1949
32.6152
32.0384
31.4646
30.894
30.3265
29.7621
29.201
28.643
28.0882
27.5365
26.988
26.4427
25.9005
25.3614
24.8253
24.2923
23.7623
23.2352
22.711
22.1897
21.6713
21.1556
20.6426
20.1323
19.6247
19.1197
18.6173
18.1173
17.6199
17.1249
16.6323
16.1421
15.6542
15.1686
14.6852
14.2041
13.7251
13.2483
12.7736
12.301
11.8305
11.3619
10.8953
10.4307
9.96798
9.50716
9.0482
8.59106
8.13573
7.68216
7.23033
6.78022
6.3318
5.88505
5.43993
4.99642
4.5545
4.11413
3.67529
3.23794
2.80206
2.36761
1.93454
1.50296
1.07242
0.645482
0.211105
61.7799
59.607
57.5607
56.0932
54.6754
53.1409
51.6361
50.2757
49.0722
48.0024
47.0465
46.1888
45.4115
44.6952
44.0219
43.3779
42.7532
42.141
41.5363
40.9357
40.3369
39.7384
39.1398
38.541
37.9422
37.3439
36.7466
36.1507
35.5567
34.9648
34.3754
33.7887
33.2048
32.6239
32.0462
31.4715
30.9001
30.332
29.767
29.2053
28.6469
28.0917
27.5397
26.9909
26.4453
25.9029
25.3635
24.8273
24.2941
23.7639
23.2367
22.7124
22.191
21.6724
21.1567
20.6436
20.1333
19.6256
19.1205
18.618
18.1181
17.6206
17.1255
16.6329
16.1427
15.6547
15.1691
14.6857
14.2045
13.7255
13.2487
12.774
12.3013
11.8307
11.3622
10.8956
10.4309
9.96819
9.50735
9.04837
8.59122
8.13587
7.68229
7.23045
6.78033
6.3319
5.88514
5.44002
4.99651
4.55458
4.11422
3.67538
3.23804
2.80216
2.3677
1.93463
1.50292
1.07237
0.644756
0.211343
61.5252
59.3995
57.4159
56.0132
54.646
53.1455
51.667
50.3292
49.1436
48.0865
47.1398
46.2891
45.5172
44.8042
44.1322
43.4871
42.8593
42.2423
41.6317
41.0243
40.4184
39.8128
39.2073
38.6019
37.997
37.3932
36.7908
36.1905
35.5924
34.997
34.4044
33.8149
33.2285
32.6454
32.0657
31.4892
30.9162
30.3465
29.7803
29.2174
28.6579
28.1017
27.5488
26.9992
26.4529
25.9098
25.3699
24.8331
24.2994
23.7688
23.2412
22.7165
22.1948
21.6759
21.1598
20.6465
20.136
19.6281
19.1228
18.6201
18.12
17.6223
17.1272
16.6344
16.144
15.656
15.1702
14.6868
14.2055
13.7265
13.2496
12.7748
12.3021
11.8314
11.3628
10.8962
10.4315
9.96873
9.50786
9.04885
8.59167
8.1363
7.6827
7.23085
6.78071
6.33228
5.88551
5.44038
4.99687
4.55495
4.1146
3.67578
3.23847
2.80264
2.36825
1.93524
1.50373
1.07316
0.646437
0.210869
61.4996
59.2025
57.1453
55.7907
54.4907
53.0304
51.5772
50.2639
49.1025
48.0658
47.1345
46.295
45.5313
44.8239
44.1553
43.5119
42.8843
42.2663
41.6539
41.0442
40.4358
39.8276
39.2196
38.6118
38.0049
37.3993
36.7954
36.1937
35.5945
34.9981
34.4047
33.8144
33.2274
32.6436
32.0633
31.4864
30.9129
30.3429
29.7763
29.2131
28.6533
28.0968
27.5438
26.994
26.4476
25.9044
25.3643
24.8275
24.2937
23.7631
23.2354
22.7107
22.1889
21.67
21.1539
20.6406
20.13
19.6221
19.1168
18.6141
18.114
17.6164
17.1212
16.6285
16.1381
15.6501
15.1644
14.6809
14.1997
13.7207
13.2439
12.7691
12.2965
11.8259
11.3573
10.8907
10.4261
9.96339
9.50258
9.04362
8.5865
8.13119
7.67765
7.22585
6.77579
6.32741
5.88071
5.43566
4.99223
4.5504
4.11014
3.67143
3.23426
2.79859
2.36444
1.93167
1.5008
1.07042
0.646702
0.207805
62.6847
59.9411
57.5314
56.0266
54.6679
53.1639
51.6743
50.3419
49.1792
48.1521
47.2342
46.4073
45.6524
44.9496
44.2811
43.6343
43.0005
42.3743
41.7524
41.1327
40.5142
39.8964
39.2792
38.663
38.0483
37.4358
36.8258
36.2188
35.6149
35.0143
34.4173
33.8239
33.2341
32.6481
32.0658
31.4871
30.9122
30.341
29.7734
29.2095
28.6491
28.0922
27.5388
26.9888
26.4422
25.8989
25.3588
24.822
24.2882
23.7576
23.23
22.7054
22.1837
21.6649
21.149
20.6358
20.1253
19.6175
19.1124
18.6098
18.1098
17.6124
17.1173
16.6247
16.1345
15.6466
15.1611
14.6777
14.1967
13.7178
13.241
12.7664
12.2939
11.8234
11.3549
10.8885
10.4239
9.96132
9.5006
9.04173
8.5847
8.12947
7.67601
7.2243
6.77432
6.32602
5.8794
5.43443
4.99108
4.54933
4.10917
3.67057
3.23353
2.79801
2.36405
1.93151
1.50084
1.07069
0.645389
0.209801
67.8698
63.1424
59.2976
57.0499
55.1727
53.2689
51.5268
50.0455
48.7745
47.6552
46.663
45.7834
44.9968
44.2815
43.6185
42.9925
42.3913
41.8057
41.2287
40.6556
40.0831
39.5095
38.9341
38.3566
37.7772
37.1963
36.6144
36.0322
35.4501
34.8687
34.2885
33.7097
33.1328
32.5581
31.9857
31.4158
30.8486
30.2842
29.7227
29.164
28.6084
28.0557
27.506
26.9593
26.4157
25.875
25.3373
24.8025
24.2707
23.7418
23.2157
22.6925
22.172
21.6544
21.1394
20.6272
20.1176
19.6106
19.1062
18.6043
18.1049
17.608
17.1134
16.6213
16.1315
15.644
15.1588
14.6758
14.195
13.7164
13.2399
12.7655
12.2932
11.8229
11.3546
10.8883
10.4239
9.96141
9.50081
9.04205
8.58512
8.12997
7.67658
7.22493
6.77498
6.32672
5.8801
5.43512
4.99175
4.54995
4.10971
3.671
3.2338
2.79807
2.36384
1.93098
1.49984
1.06944
0.642818
0.211243
64.6106
61.798
58.9331
56.9473
55.1846
53.3588
51.6441
50.161
48.8828
47.7559
46.7543
45.8639
45.067
44.3426
43.6713
43.0376
42.4293
41.8373
41.2548
40.6769
40.1007
39.524
38.9462
38.3667
37.7858
37.2037
36.621
36.038
35.4554
34.8736
34.293
33.714
33.1369
32.5619
31.9894
31.4194
30.8521
30.2876
29.726
29.1673
28.6115
28.0587
27.5089
26.9622
26.4184
25.8776
25.3398
24.805
24.2731
23.7441
23.2179
22.6946
22.1741
21.6564
21.1414
20.6291
20.1194
19.6124
19.1079
18.6059
18.1065
17.6095
17.1149
16.6228
16.1329
15.6454
15.1601
14.6771
14.1963
13.7176
13.2411
12.7667
12.2943
11.824
11.3557
10.8893
10.4249
9.9624
9.50177
9.04299
8.58603
8.13086
7.67745
7.22578
6.77581
6.32752
5.88089
5.43589
4.9925
4.55069
4.11043
3.6717
3.23449
2.79874
2.36449
1.9316
1.50053
1.07005
0.644898
0.209509
63.0508
61.5
59.1095
57.0208
55.2091
53.453
51.8052
50.3524
49.0853
47.9605
46.9515
46.0453
45.2279
44.4819
43.7897
43.1368
42.5114
41.9046
41.3098
40.7219
40.1376
39.5545
38.9714
38.3878
37.8035
37.2186
36.6336
36.0487
35.4644
34.8812
34.2994
33.7194
33.1415
32.5659
31.9927
31.4223
30.8546
30.2897
29.7278
29.1688
28.6129
28.0599
27.51
26.9631
26.4192
25.8783
25.3405
24.8056
24.2736
23.7445
23.2184
22.695
22.1745
21.6567
21.1417
20.6294
20.1198
19.6127
19.1082
18.6063
18.1068
17.6099
17.1153
16.6231
16.1333
15.6457
15.1605
14.6775
14.1967
13.718
13.2415
12.767
12.2947
11.8243
11.356
10.8897
10.4252
9.96273
9.5021
9.04332
8.58636
8.13118
7.67777
7.22609
6.77612
6.32782
5.88118
5.43618
4.99278
4.55097
4.11071
3.67198
3.23475
2.79898
2.3647
1.93178
1.50078
1.07041
0.647019
0.206217
62.0506
60.8662
58.7569
56.7535
55.0367
53.4109
51.8546
50.4399
49.1858
48.0682
47.0637
46.1583
45.3382
44.5872
43.889
43.2292
42.5967
41.9828
41.3811
40.7869
40.1966
39.6082
39.0203
38.4322
37.8439
37.2553
36.6669
36.079
35.492
34.9063
34.3224
33.7404
33.1607
32.5836
32.0091
31.4374
30.8686
30.3028
29.74
29.1802
28.6235
28.0699
27.5193
26.9719
26.4274
25.886
25.3477
24.8123
24.2799
23.7505
23.2239
22.7002
22.1794
21.6613
21.146
20.6335
20.1236
19.6163
19.1116
18.6095
18.1099
17.6127
17.118
16.6256
16.1357
15.648
15.1627
14.6795
14.1986
13.7198
13.2432
12.7687
12.2963
11.8258
11.3574
10.891
10.4265
9.96398
9.50329
9.04446
8.58745
8.13223
7.67877
7.22705
6.77704
6.3287
5.88203
5.437
4.99358
4.55174
4.11145
3.67268
3.23541
2.79959
2.36524
1.93225
1.50114
1.07085
0.647487
0.205164
61.2451
60.1856
58.3562
56.5611
54.9594
53.4142
51.9117
50.5225
49.2799
48.1715
47.1754
46.2749
45.455
44.7003
43.9955
43.3275
42.6859
42.063
41.4527
40.8505
40.2532
39.6585
39.0652
38.4723
37.8798
37.2876
36.6959
36.1051
35.5155
34.9276
34.3416
33.7579
33.1767
32.5982
32.0225
31.4497
30.88
30.3134
29.7499
29.1896
28.6323
28.0782
27.5272
26.9792
26.4344
25.8927
25.3539
24.8183
24.2856
23.7558
23.229
22.7051
22.184
21.6658
21.1503
20.6375
20.1275
19.62
19.1152
18.6129
18.1132
17.6159
17.121
16.6286
16.1385
15.6507
15.1653
14.682
14.201
13.7222
13.2454
12.7708
12.2983
11.8278
11.3593
10.8928
10.4283
9.96566
9.5049
9.04601
8.58894
8.13366
7.68015
7.22837
6.77831
6.32993
5.88322
5.43814
4.99468
4.55279
4.11246
3.67364
3.23631
2.80042
2.36594
1.93283
1.5013
1.07101
0.645349
0.207025
60.6257
59.652
58.0148
56.379
54.8587
53.3662
51.9122
50.5614
49.345
48.2552
47.2729
46.3809
45.5644
44.8088
44.1
43.4262
42.778
42.1481
41.5309
40.9224
40.3191
39.7191
39.1208
38.5235
37.9268
37.3309
36.7358
36.1419
35.5496
34.9591
34.3709
33.7851
33.202
32.6218
32.0447
31.4706
30.8997
30.3319
29.7674
29.2061
28.6479
28.093
27.5412
26.9925
26.447
25.9046
25.3653
24.8291
24.2958
23.7656
23.2384
22.714
22.1926
21.6739
21.1581
20.645
20.1347
19.627
19.1219
18.6194
18.1194
17.6219
17.1268
16.6342
16.1439
15.656
15.1703
14.6869
14.2058
13.7267
13.2499
12.7751
12.3025
11.8319
11.3633
10.8967
10.432
9.96925
9.5084
9.04941
8.59224
8.13688
7.68328
7.23143
6.78129
6.33284
5.88606
5.44092
4.99739
4.55545
4.11505
3.67617
3.23876
2.80278
2.36817
1.93492
1.50284
1.07251
0.643793
0.210792
60.1882
59.2636
57.715
56.1645
54.7072
53.27
51.8704
50.5654
49.3802
48.3094
47.3384
46.4529
45.6395
44.8842
44.1738
43.4971
42.8449
42.2104
41.5883
40.9745
40.3661
39.7609
39.1577
38.5557
37.9548
37.355
36.7566
36.1597
35.5649
34.9723
34.3823
33.7951
33.2108
32.6296
32.0517
31.4769
30.9054
30.3372
29.7722
29.2105
28.652
28.0967
27.5446
26.9956
26.4499
25.9072
25.3677
24.8312
24.2978
23.7674
23.24
22.7155
22.194
21.6752
21.1593
20.6462
20.1357
19.6279
19.1228
18.6202
18.1202
17.6226
17.1275
16.6348
16.1445
15.6565
15.1708
14.6874
14.2062
13.7271
13.2503
12.7755
12.3028
11.8321
11.3635
10.8969
10.4322
9.96943
9.50856
9.04954
8.59236
8.13697
7.68336
7.23149
6.78134
6.33288
5.88609
5.44095
4.99741
4.55546
4.11506
3.67617
3.23876
2.80278
2.36814
1.93485
1.50252
1.07221
0.641982
0.211957
59.9284
59.0498
57.5669
56.0842
54.6789
53.2783
51.9101
50.6332
49.4691
48.4107
47.4458
46.5629
45.7501
44.9941
44.282
43.6024
42.9465
42.3073
41.6798
41.0599
40.445
39.8331
39.2233
38.6148
38.0078
37.4024
36.7988
36.1974
35.5985
35.0024
34.4093
33.8194
33.2328
32.6495
32.0697
31.4933
30.9203
30.3507
29.7845
29.2217
28.6622
28.106
27.553
27.0034
26.4569
25.9137
25.3736
24.8367
24.3029
23.7721
23.2443
22.7195
22.1976
21.6786
21.1624
20.6491
20.1384
19.6304
19.1251
18.6223
18.1221
17.6244
17.1292
16.6363
16.1459
15.6578
15.172
14.6885
14.2072
13.7281
13.2511
12.7763
12.3036
11.8329
11.3642
10.8975
10.4328
9.97
9.50909
9.05005
8.59284
8.13743
7.6838
7.23191
6.78174
6.33327
5.88648
5.44132
4.99779
4.55584
4.11545
3.67658
3.23921
2.80328
2.36872
1.93553
1.50349
1.07329
0.64458
0.210214
59.9007
58.8462
57.2881
55.8577
54.52
53.1554
51.8099
50.56
49.4255
48.3924
47.4456
46.5746
45.7692
45.0178
44.3079
43.6289
42.9724
42.3318
41.7023
41.0801
40.4628
39.8484
39.2362
38.6256
38.0166
37.4094
36.8044
36.2018
35.6019
35.0049
34.4111
33.8205
33.2333
32.6494
32.069
31.4921
30.9186
30.3485
29.7818
29.2184
28.6585
28.1019
27.5486
26.9986
26.4519
25.9085
25.3682
24.8311
24.2971
23.7662
23.2383
22.7134
22.1915
21.6724
21.1561
20.6427
20.1319
19.6239
19.1185
18.6157
18.1155
17.6178
17.1225
16.6297
16.1392
15.6511
15.1654
14.6819
14.2006
13.7215
13.2446
12.7698
12.2971
11.8265
11.3579
10.8912
10.4266
9.96384
9.503
9.04402
8.58688
8.13154
7.67798
7.22617
6.77608
6.32769
5.88098
5.43591
4.99247
4.55063
4.11035
3.67163
3.23443
2.79873
2.36452
1.93171
1.50077
1.07094
0.648321
0.203395
61.0782
59.5681
57.6375
56.0595
54.6788
53.2784
51.8945
50.6208
49.4816
48.4559
47.5208
46.6611
45.8643
45.1176
44.4091
43.7284
43.0677
42.421
41.7842
41.154
40.5283
39.9058
39.2857
38.6677
38.052
37.4389
36.8285
36.2212
35.6172
35.0166
34.4196
33.8263
33.2366
32.6506
32.0684
31.4898
30.9149
30.3435
29.7758
29.2117
28.651
28.0939
27.5402
26.99
26.4431
25.8995
25.3592
24.8221
24.2882
23.7574
23.2297
22.705
22.1832
21.6643
21.1483
20.635
20.1245
19.6166
19.1114
18.6089
18.1088
17.6113
17.1162
16.6236
16.1334
15.6455
15.1599
14.6766
14.1955
13.7166
13.2399
12.7653
12.2927
11.8223
11.3538
10.8873
10.4228
9.96024
9.49954
9.04069
8.58368
8.12847
7.67504
7.22334
6.77338
6.3251
5.8785
5.43355
4.99022
4.5485
4.10836
3.66978
3.23276
2.79727
2.36336
1.93089
1.50048
1.07055
0.64713
0.206034
66.8663
62.5271
58.9713
56.8217
55.034
53.2253
51.5391
50.0804
48.8217
47.7131
46.7293
45.8552
45.0717
44.3573
43.6929
43.0635
42.4579
41.8676
41.2859
40.7081
40.131
39.5531
38.9735
38.3921
37.8091
37.225
36.6402
36.0554
35.471
34.8875
34.3054
33.725
33.1467
32.5706
31.9971
31.4262
30.8581
30.2929
29.7306
29.1713
28.6151
28.0618
27.5117
26.9646
26.4205
25.8794
25.3414
24.8063
24.2742
23.745
23.2187
22.6952
22.1746
21.6567
21.1416
20.6292
20.1194
19.6123
19.1077
18.6057
18.1062
17.6092
17.1145
16.6223
16.1324
15.6449
15.1596
14.6765
14.1957
13.717
13.2404
12.766
12.2936
11.8233
11.3549
10.8886
10.4242
9.96165
9.50101
9.04223
8.58527
8.1301
7.67669
7.22502
6.77505
6.32677
5.88014
5.43515
4.99176
4.54996
4.1097
3.67098
3.23377
2.79802
2.36376
1.93088
1.49973
1.06929
0.642908
0.210733
63.6189
61.1716
58.5791
56.6823
55.0157
53.3052
51.6631
50.2085
48.9421
47.8246
46.8307
45.9452
45.1508
44.4269
43.7543
43.1177
42.5053
41.9085
41.3209
40.738
40.1566
39.575
38.9923
38.4083
37.8232
37.2373
36.6511
36.065
35.4796
34.8953
34.3126
33.7317
33.1529
32.5765
32.0027
31.4316
30.8633
30.2979
29.7354
29.176
28.6196
28.0662
27.5159
26.9686
26.4244
25.8832
25.345
24.8098
24.2776
23.7482
23.2218
22.6983
22.1775
21.6596
21.1444
20.6319
20.122
19.6148
19.1102
18.6081
18.1085
17.6114
17.1167
16.6244
16.1345
15.6469
15.1615
14.6784
14.1975
13.7188
13.2422
12.7677
12.2953
11.8249
11.3565
10.8901
10.4257
9.96312
9.50245
9.04363
8.58664
8.13144
7.678
7.22629
6.7763
6.32799
5.88134
5.43632
4.99291
4.55108
4.11081
3.67206
3.23482
2.79904
2.36476
1.93183
1.50073
1.07023
0.645486
0.208799
62.0507
60.8663
58.7568
56.7532
55.0366
53.4112
51.855
50.4401
49.1858
48.068
47.0635
46.1581
45.3381
44.5873
43.8891
43.2293
42.5967
41.9828
41.3811
40.7868
40.1966
39.6081
39.0202
38.4322
37.8438
37.2553
36.6669
36.079
35.492
34.9064
34.3224
33.7404
33.1607
32.5836
32.0091
31.4374
30.8686
30.3027
29.7399
29.1802
28.6235
28.0699
27.5193
26.9719
26.4274
25.886
25.3477
24.8123
24.2799
23.7505
23.2239
22.7002
22.1794
21.6613
21.146
20.6335
20.1236
19.6163
19.1116
18.6095
18.1099
17.6127
17.118
16.6256
16.1357
15.648
15.1627
14.6795
14.1986
13.7198
13.2432
12.7687
12.2963
11.8258
11.3574
10.891
10.4265
9.96398
9.50329
9.04446
8.58745
8.13223
7.67877
7.22705
6.77704
6.3287
5.88203
5.437
4.99358
4.55174
4.11145
3.67268
3.23541
2.79959
2.36524
1.93225
1.50114
1.07085
0.647484
0.205162
61.0488
60.2415
58.4194
56.4937
54.8657
53.3779
51.9253
50.554
49.3116
48.198
47.1953
46.2877
45.4615
44.7018
43.9939
43.3244
42.6826
42.0601
41.4508
40.85
40.2542
39.661
39.0691
38.4776
37.8861
37.2947
36.7036
36.113
35.5235
34.9355
34.3492
33.7651
33.1835
32.6046
32.0285
31.4554
30.8853
30.3184
29.7546
29.194
28.6366
28.0823
27.5311
26.983
26.438
25.8961
25.3572
24.8213
24.2884
23.7585
23.2315
22.7074
22.1862
21.6678
21.1522
20.6393
20.1291
19.6215
19.1166
18.6142
18.1144
17.617
17.1221
16.6295
16.1394
15.6516
15.1661
14.6828
14.2018
13.7229
13.2462
12.7715
12.299
11.8284
11.3599
10.8934
10.4289
9.9662
9.50544
9.04654
8.58945
8.13417
7.68064
7.22886
6.77879
6.3304
5.88367
5.43859
4.99512
4.55324
4.1129
3.67408
3.23673
2.8008
2.36629
1.93315
1.50165
1.0714
0.646303
0.205615
60.2415
59.5619
58.0216
56.3047
54.7925
53.3909
51.9994
50.6572
49.4255
48.3197
47.3249
46.4219
45.5946
44.8287
44.1108
43.4293
42.7749
42.1402
41.5197
40.9091
40.3051
39.7054
39.1081
38.5123
37.9172
37.3229
36.7291
36.1363
35.5448
34.9548
34.3668
33.7812
33.1982
32.618
32.0409
31.4668
30.896
30.3284
29.7641
29.2031
28.6452
28.0906
27.5391
26.9907
26.4454
25.9032
25.364
24.8279
24.2948
23.7646
23.2374
22.713
22.1916
21.673
21.1571
20.6441
20.1337
19.626
19.1209
18.6184
18.1184
17.6209
17.1258
16.6332
16.143
15.6551
15.1694
14.6861
14.2049
13.726
13.2491
12.7744
12.3017
11.8311
11.3625
10.8959
10.4313
9.96855
9.50771
9.04874
8.59158
8.13623
7.68264
7.23079
6.78066
6.33222
5.88544
5.44031
4.99678
4.55484
4.11444
3.67555
3.2381
2.80205
2.36731
1.9339
1.50152
1.07113
0.640758
0.210762
59.6185
59.0267
57.6829
56.129
54.699
53.3518
52.0127
50.7121
49.5076
48.42
47.4381
46.5427
45.7169
44.9472
44.222
43.5312
42.867
42.2229
41.5939
40.9759
40.3657
39.7606
39.1589
38.5593
37.9609
37.3635
36.767
36.1716
35.5776
34.9853
34.3953
33.8076
33.2228
32.641
32.0624
31.487
30.915
30.3464
29.7812
29.2192
28.6606
28.1051
27.5529
27.0039
26.458
25.9151
25.3754
24.8387
24.3051
23.7744
23.2467
22.722
22.2001
21.6811
21.165
20.6516
20.1409
19.633
19.1276
18.6249
18.1247
17.627
17.1317
16.6389
16.1485
15.6605
15.1747
14.6912
14.2099
13.7308
13.2538
12.779
12.3062
11.8355
11.3668
10.9001
10.4353
9.97247
9.51154
9.05247
8.59523
8.13979
7.68612
7.23419
6.78399
6.33547
5.88863
5.44342
4.99984
4.55782
4.11735
3.67837
3.24082
2.80464
2.36967
1.93598
1.50263
1.07204
0.636094
0.217664
59.1773
58.6369
57.3841
55.9161
54.5484
53.2577
51.9777
50.7279
49.5573
48.4886
47.5162
46.6245
45.7986
45.0261
44.2964
43.6005
42.9309
42.2815
41.6473
41.0242
40.4091
39.7992
39.193
38.5889
37.9865
37.3853
36.7855
36.1871
35.5906
34.9962
34.4044
33.8154
33.2295
32.6469
32.0676
31.4917
30.9194
30.3504
29.7849
29.2227
28.6638
28.1082
27.5557
27.0065
26.4603
25.9173
25.3774
24.8405
24.3067
23.7759
23.2481
22.7232
22.2013
21.6822
21.1659
20.6525
20.1418
19.6337
19.1284
18.6256
18.1253
17.6276
17.1323
16.6395
16.1491
15.661
15.1752
14.6916
14.2103
13.7311
13.2542
12.7793
12.3065
11.8357
11.367
10.9003
10.4355
9.97266
9.51172
9.05262
8.59537
8.13989
7.68622
7.23427
6.78406
6.33552
5.88868
5.44345
4.99986
4.55783
4.11736
3.67835
3.2408
2.80459
2.36955
1.93576
1.50197
1.0714
0.63287
0.220129
58.914
58.4209
57.2357
55.8368
54.5224
53.2708
52.0264
50.8091
49.6619
48.6051
47.6358
46.7426
45.9131
45.1361
44.4018
43.7015
43.0274
42.3733
41.7342
41.1056
40.4846
39.8685
39.2558
38.6454
38.0367
37.4297
36.8246
36.2215
35.6209
35.023
34.4283
33.8368
33.2489
32.6644
32.0836
31.5064
30.9328
30.3627
29.7961
29.2329
28.6731
28.1166
27.5634
27.0133
26.4666
25.9229
25.3825
24.8451
24.3109
23.7797
23.2516
22.7264
22.2042
21.6849
21.1685
20.6548
20.1439
19.6357
19.1302
18.6273
18.1269
17.6291
17.1337
16.6408
16.1502
15.662
15.1762
14.6925
14.2111
13.7319
13.2549
12.78
12.3071
11.8363
11.3676
10.9008
10.436
9.97316
9.5122
9.05307
8.59581
8.14032
7.68664
7.23467
6.78446
6.33592
5.88907
5.44384
5.00026
4.55823
4.11777
3.67879
3.24129
2.80515
2.37024
1.93662
1.50325
1.07295
0.636265
0.217381
58.8847
58.2156
56.9527
55.606
54.3598
53.1428
51.9203
50.7323
49.619
48.5913
47.6422
46.7609
45.938
45.1643
44.4312
43.7306
43.0555
42.3999
41.7589
41.1282
40.5047
39.886
39.2706
38.6574
38.0463
37.4371
36.8301
36.2255
35.6237
35.025
34.4296
33.8376
33.2493
32.6645
32.0833
31.5057
30.9316
30.361
29.7939
29.2301
28.6697
28.1126
27.5589
27.0084
26.4612
25.9172
25.3764
24.8388
24.3044
23.7731
23.2448
22.7196
22.1973
21.6779
21.1615
20.6478
20.1369
19.6286
19.123
18.6201
18.1197
17.6218
17.1264
16.6334
16.1429
15.6546
15.1687
14.6851
14.2037
13.7245
13.2475
12.7726
12.2998
11.8291
11.3604
10.8937
10.429
9.96613
9.50524
9.04617
8.58899
8.13357
7.67997
7.22808
6.77796
6.3295
5.88275
5.43761
4.99414
4.55222
4.11191
3.6731
3.23583
2.8
2.36563
1.93266
1.50114
1.07165
0.645331
0.205196
60.0548
58.9308
57.2981
55.8121
54.5274
53.2699
52.0011
50.7851
49.6674
48.649
47.7129
46.8428
46.027
45.2564
44.5227
43.8188
43.1384
42.476
41.8273
41.1883
40.5564
39.9294
39.3061
38.6856
38.0678
37.4526
36.8405
36.2315
35.6261
35.0243
34.4264
33.8324
33.2423
32.6561
32.0737
31.495
30.9201
30.3487
29.7809
29.2166
28.6558
28.0984
27.5445
26.9939
26.4468
25.9029
25.3623
24.825
24.2909
23.7599
23.232
22.7071
22.1853
21.6663
21.1502
20.6369
20.1263
19.6184
19.1132
18.6106
18.1105
17.6129
17.1178
16.625
16.1347
15.6468
15.1611
14.6777
14.1965
13.7176
13.2408
12.7661
12.2935
11.823
11.3545
10.888
10.4234
9.96076
9.50003
9.04114
8.58411
8.12885
7.6754
7.22367
6.77369
6.32537
5.87876
5.43377
4.99043
4.54867
4.10853
3.66992
3.2329
2.79739
2.3635
1.9311
1.50086
1.07117
0.648701
0.203805
66.0708
61.8824
58.5958
56.626
54.9363
53.1959
51.5541
50.1189
48.8747
47.7785
46.8053
45.9392
45.161
44.4491
43.7844
43.1524
42.5425
41.9469
41.3593
40.7754
40.1924
39.6088
39.0237
38.4373
37.8497
37.2614
36.6729
36.0848
35.4974
34.9114
34.327
33.7446
33.1645
32.5869
32.0119
31.4398
30.8706
30.3045
29.7413
29.1812
28.6243
28.0704
27.5197
26.9721
26.4275
25.886
25.3476
24.8122
24.2798
23.7503
23.2237
22.7
22.1791
21.661
21.1457
20.6331
20.1232
19.6159
19.1111
18.609
18.1093
17.6121
17.1174
16.625
16.135
15.6474
15.162
14.6788
14.1978
13.7191
13.2424
12.7679
12.2954
11.825
11.3566
10.8902
10.4257
9.9631
9.5024
9.04356
8.58653
8.13131
7.67784
7.22612
6.77611
6.32778
5.88111
5.43607
4.99264
4.5508
4.11051
3.67174
3.23448
2.79869
2.36438
1.93143
1.50015
1.06967
0.642846
0.210813
62.8218
60.5064
58.1861
56.4851
54.926
53.2882
51.6921
50.2599
49.0059
47.8995
46.9157
46.0373
45.2465
44.523
43.8484
43.2077
42.59
41.9872
41.3934
40.8042
40.2169
39.6296
39.0417
38.4528
37.8631
37.2731
36.6831
36.0937
35.5053
34.9183
34.3332
33.7502
33.1696
32.5916
32.0164
31.4441
30.8747
30.3084
29.7451
29.1849
28.6279
28.0739
27.5231
26.9753
26.4307
25.8891
25.3505
24.815
24.2825
23.7529
23.2263
22.7025
22.1816
21.6634
21.1481
20.6354
20.1254
19.6181
19.1133
18.6111
18.1114
17.6142
17.1194
16.627
16.1369
15.6492
15.1638
14.6806
14.1996
13.7208
13.2441
12.7695
12.297
11.8266
11.3581
10.8917
10.4272
9.96455
9.50382
9.04495
8.5879
8.13264
7.67916
7.2274
6.77737
6.32901
5.88232
5.43726
4.99382
4.55195
4.11164
3.67285
3.23556
2.79974
2.36538
1.93239
1.5011
1.0706
0.645034
0.209276
61.2451
60.1856
58.3561
56.5609
54.9593
53.4147
51.9123
50.5228
49.2797
48.171
47.1749
46.2746
45.455
44.7005
43.9958
43.3278
42.6861
42.0631
41.4527
40.8504
40.253
39.6584
39.065
38.4722
37.8797
37.2875
36.6959
36.1052
35.5156
34.9277
34.3417
33.758
33.1767
32.5982
32.0225
31.4497
30.88
30.3134
29.7499
29.1895
28.6323
28.0781
27.5271
26.9792
26.4344
25.8927
25.354
24.8183
24.2856
23.7558
23.229
22.7051
22.184
21.6658
21.1503
20.6375
20.1275
19.62
19.1152
18.6129
18.1132
17.6159
17.121
16.6286
16.1385
15.6507
15.1653
14.682
14.201
13.7222
13.2454
12.7708
12.2983
11.8278
11.3593
10.8928
10.4283
9.96566
9.50491
9.04601
8.58894
8.13366
7.68015
7.22837
6.77831
6.32993
5.88322
5.43814
4.99468
4.5528
4.11246
3.67365
3.23631
2.80042
2.36594
1.93283
1.5013
1.07101
0.645344
0.207021
60.2415
59.5619
58.0217
56.3046
54.7925
53.3912
51.9999
50.6574
49.4254
48.3193
47.3244
46.4215
45.5945
44.8288
44.1111
43.4297
42.7752
42.1404
41.5198
40.9091
40.305
39.7052
39.1079
38.5121
37.9171
37.3228
36.7291
36.1364
35.5448
34.9549
34.3669
33.7813
33.1983
32.6181
32.0409
31.4668
30.896
30.3284
29.7641
29.203
28.6452
28.0905
27.539
26.9907
26.4454
25.9032
25.364
24.8279
24.2948
23.7646
23.2374
22.7131
22.1916
21.673
21.1572
20.6441
20.1337
19.626
19.1209
18.6184
18.1184
17.6209
17.1258
16.6332
16.143
15.6551
15.1694
14.6861
14.2049
13.7259
13.2491
12.7744
12.3017
11.8311
11.3625
10.8959
10.4313
9.96855
9.50771
9.04874
8.59158
8.13623
7.68264
7.23079
6.78066
6.33222
5.88544
5.44031
4.99679
4.55485
4.11445
3.67555
3.2381
2.80205
2.36731
1.9339
1.50152
1.07112
0.640751
0.210757
59.4333
58.8805
57.6187
56.1102
54.7185
53.4115
52.0891
50.779
49.557
48.4571
47.4695
46.5714
45.7431
44.9697
44.2393
43.5425
42.8717
42.2213
41.5866
40.964
40.3504
39.7433
39.1405
38.5407
37.9427
37.3461
36.7505
36.1559
35.5628
34.9712
34.3817
33.7947
33.2103
32.6289
32.0507
31.4759
30.9044
30.3363
29.7717
29.2104
28.6524
28.0976
27.546
26.9976
26.4522
25.9099
25.3706
24.8344
24.3011
23.7707
23.2433
22.7187
22.1971
21.6783
21.1622
20.649
20.1384
19.6306
19.1253
18.6226
18.1225
17.6249
17.1297
16.637
16.1466
15.6586
15.1729
14.6895
14.2083
13.7292
13.2523
12.7775
12.3047
11.834
11.3654
10.8987
10.434
9.97116
9.51026
9.05122
8.59401
8.13859
7.68494
7.23304
6.78285
6.33435
5.88753
5.44234
4.99878
4.55678
4.11631
3.67732
3.23975
2.8035
2.36841
1.93456
1.50071
1.06994
0.631088
0.21962
58.8083
58.3427
57.2765
55.9333
54.6281
53.3805
52.115
50.8488
49.6536
48.5704
47.5949
46.7039
45.8765
45.0978
44.3578
43.6489
42.9655
42.3031
41.658
41.0267
40.4062
39.7937
39.1869
38.5838
37.9832
37.3841
36.7863
36.1895
35.5942
35.0004
34.4089
33.8197
33.2335
32.6503
32.0706
31.4943
30.9217
30.3526
29.787
29.2249
28.6663
28.1108
27.5587
27.0097
26.4639
25.921
25.3813
24.8445
24.3108
23.78
23.2522
22.7272
22.2052
21.686
21.1697
20.6561
20.1453
19.6372
19.1317
18.6288
18.1285
17.6306
17.1353
16.6424
16.1519
15.6638
15.178
14.6944
14.2131
13.7338
13.2568
12.7819
12.309
11.8382
11.3695
10.9027
10.4379
9.97501
9.51404
9.0549
8.59762
8.14211
7.68841
7.23642
6.78619
6.33761
5.89074
5.44548
5.00186
4.55978
4.11925
3.68015
3.24246
2.80603
2.37061
1.93631
1.50107
1.06995
0.623777
0.228591
58.3648
57.9511
56.9758
55.7187
54.4764
53.2874
52.0845
50.8724
49.7127
48.6485
47.6816
46.7933
45.9644
45.1812
44.435
43.7192
43.0289
42.36
41.7089
41.072
40.4464
39.8292
39.2179
38.6106
38.0061
37.4034
36.8024
36.2028
35.6051
35.0094
34.4162
33.8258
33.2386
32.6548
32.0746
31.498
30.9251
30.3558
29.7901
29.2279
28.669
28.1134
27.5611
27.0119
26.4658
25.9228
25.3828
24.8459
24.3119
23.781
23.253
22.728
22.2058
21.6866
21.1702
20.6565
20.1457
19.6375
19.132
18.629
18.1287
17.6309
17.1355
16.6426
16.1521
15.6639
15.1781
14.6945
14.2131
13.7339
13.2568
12.7819
12.309
11.8382
11.3694
10.9026
10.4378
9.97492
9.51392
9.05479
8.59748
8.14198
7.68825
7.23626
6.786
6.33744
5.89054
5.44528
5.00164
4.55956
4.11901
3.67991
3.24219
2.80573
2.37018
1.93575
1.49989
1.06882
0.619579
0.231498
58.0987
57.7322
56.8247
55.638
54.4513
53.3042
52.1398
50.963
49.8284
48.7759
47.8106
46.9183
46.0831
45.2931
44.5403
43.8187
43.1232
42.4495
41.7934
41.1512
40.5197
39.8961
39.2781
38.6639
38.0527
37.4438
36.837
36.2325
35.6305
35.0315
34.4356
33.8432
33.2544
32.6694
32.0882
31.5108
30.9371
30.3671
29.8006
29.2375
28.6778
28.1214
27.5682
27.0183
26.4714
25.9277
25.3872
24.8497
24.3153
23.784
23.2557
22.7304
22.208
21.6886
21.172
20.6583
20.1473
19.639
19.1334
18.6304
18.1299
17.632
17.1366
16.6436
16.153
15.6648
15.1788
14.6952
14.2137
13.7345
13.2574
12.7824
12.3095
11.8387
11.3699
10.9031
10.4382
9.97532
9.51431
9.05516
8.59784
8.14234
7.6886
7.23662
6.78635
6.33779
5.89089
5.44564
5.002
4.55994
4.1194
3.68035
3.24268
2.80632
2.37095
1.93676
1.50139
1.07075
0.623037
0.228506
58.0683
57.5252
56.5366
55.4013
54.2852
53.174
52.0319
50.8859
49.7878
48.7663
47.8212
46.9395
46.1087
45.32
44.567
43.8449
43.1489
42.4748
41.8183
41.1755
40.5426
39.9169
39.2962
38.679
38.0646
37.4526
36.8431
36.2363
35.6327
35.0324
34.4358
33.843
33.2541
32.6691
32.0878
31.5104
30.9365
30.3662
29.7992
29.2356
28.6753
28.1182
27.5643
27.0137
26.4663
25.9221
25.381
24.8432
24.3085
23.777
23.2485
22.7231
22.2007
21.6812
21.1646
20.6508
20.1398
19.6315
19.1259
18.6229
18.1224
17.6244
17.1289
16.6359
16.1452
15.6569
15.171
14.6872
14.2058
13.7265
13.2494
12.7744
12.3016
11.8308
11.362
10.8953
10.4305
9.96764
9.50669
9.04761
8.59037
8.13493
7.68129
7.22938
6.77922
6.33074
5.88395
5.4388
4.99528
4.55334
4.11297
3.67412
3.23676
2.80083
2.3662
1.93297
1.50018
1.0708
0.636077
0.212369
59.2345
58.2409
56.8831
55.6054
54.4471
53.2912
52.1011
50.9298
49.8325
48.825
47.8941
47.0216
46.1938
45.4031
44.6451
43.9166
43.2138
42.5331
41.87
41.2208
40.5815
39.9495
39.3224
38.699
38.0787
37.4613
36.847
36.2362
35.6291
35.0261
34.4273
33.8329
33.2426
32.6567
32.0746
31.4965
30.9219
30.3511
29.7836
29.2195
28.6587
28.1014
27.5472
26.9965
26.449
25.9048
25.364
24.8264
24.292
23.7609
23.2329
22.708
22.1861
21.6671
21.151
20.6378
20.1272
19.6194
19.1142
18.6116
18.1115
17.6139
17.1187
16.626
16.1356
15.6477
15.1619
14.6785
14.1973
13.7183
13.2414
12.7667
12.2941
11.8236
11.355
10.8885
10.4239
9.96128
9.50049
9.04164
8.58456
8.12935
7.67584
7.22415
6.77412
6.32585
5.87918
5.43423
4.99084
4.54912
4.10892
3.67035
3.23327
2.79781
2.36387
1.93154
1.50116
1.07165
0.648139
0.203994
65.4611
61.3723
58.2696
56.4418
54.8291
53.1408
51.5418
50.138
48.916
47.8371
46.8782
46.0232
45.2527
44.5453
43.8819
43.2486
42.6351
42.0344
41.441
40.8511
40.2621
39.6726
39.082
38.4904
37.8981
37.3055
36.7132
36.1216
35.5312
34.9425
34.3557
33.7711
33.1891
32.6098
32.0333
31.4598
30.8894
30.3221
29.7579
29.1969
28.6391
28.0844
27.533
26.9847
26.4395
25.8974
25.3584
24.8225
24.2896
23.7597
23.2327
22.7086
22.1874
21.6689
21.1533
20.6404
20.1302
19.6226
19.1176
18.6152
18.1154
17.618
17.123
16.6305
16.1403
15.6524
15.1668
14.6835
14.2024
13.7235
13.2467
12.7721
12.2995
11.8289
11.3604
10.8939
10.4293
9.96657
9.50578
9.04684
8.58973
8.13441
7.68087
7.22906
6.77898
6.33057
5.88384
5.43874
4.99525
4.55334
4.11299
3.67417
3.23686
2.80101
2.3666
1.93359
1.50209
1.07154
0.643859
0.211948
62.2108
59.9857
57.8517
56.3005
54.82
53.2333
51.6811
50.2823
49.052
47.9639
46.9946
46.1268
45.3424
44.6218
43.9471
43.304
42.6821
42.0741
41.4745
40.8794
40.2862
39.6934
39.1001
38.5063
37.9121
37.3179
36.7241
36.1313
35.5398
34.9501
34.3625
33.7774
33.1949
32.6151
32.0384
31.4646
30.894
30.3264
29.7621
29.2009
28.643
28.0882
27.5365
26.9881
26.4427
25.9005
25.3614
24.8254
24.2923
23.7623
23.2352
22.711
22.1897
21.6713
21.1556
20.6426
20.1323
19.6247
19.1197
18.6173
18.1173
17.6199
17.1249
16.6323
16.1421
15.6542
15.1686
14.6853
14.2041
13.7252
13.2483
12.7736
12.301
11.8304
11.3619
10.8953
10.4307
9.96799
9.50717
9.0482
8.59107
8.13573
7.68216
7.23034
6.78023
6.3318
5.88505
5.43993
4.99642
4.5545
4.11413
3.67529
3.23794
2.80206
2.36761
1.93454
1.50296
1.07242
0.645483
0.211103
60.6258
59.6521
58.0149
56.3789
54.8586
53.3666
51.9127
50.5616
49.3447
48.2546
47.2723
46.3805
45.5644
44.809
44.1004
43.4266
42.7783
42.1482
41.531
40.9222
40.3189
39.7188
39.1205
38.5232
37.9267
37.3308
36.7358
36.142
35.5497
34.9592
34.371
33.7852
33.2021
32.6219
32.0447
31.4706
30.8996
30.3319
29.7673
29.206
28.6479
28.0929
27.5412
26.9925
26.447
25.9046
25.3653
24.8291
24.2959
23.7656
23.2384
22.714
22.1926
21.674
21.1581
20.6451
20.1347
19.627
19.1219
18.6194
18.1194
17.6219
17.1268
16.6342
16.1439
15.656
15.1703
14.6869
14.2058
13.7267
13.2499
12.7751
12.3025
11.8319
11.3633
10.8967
10.432
9.96925
9.5084
9.04941
8.59225
8.13688
7.68328
7.23143
6.78129
6.33284
5.88606
5.44092
4.9974
4.55545
4.11506
3.67617
3.23876
2.80278
2.36817
1.93491
1.50284
1.0725
0.643786
0.210787
59.6185
59.0268
57.683
56.1289
54.6989
53.3521
52.0133
50.7124
49.5073
48.4192
47.4372
46.5421
45.7168
44.9476
44.2226
43.532
42.8676
42.2233
41.5941
40.9758
40.3654
39.7602
39.1585
38.5589
37.9606
37.3633
36.767
36.1717
35.5777
34.9855
34.3955
33.8078
33.223
32.6411
32.0625
31.4871
30.915
30.3464
29.7811
29.2191
28.6605
28.1051
27.5529
27.0038
26.4579
25.9151
25.3754
24.8387
24.3051
23.7744
23.2468
22.722
22.2002
21.6812
21.165
20.6516
20.141
19.633
19.1276
18.6249
18.1247
17.627
17.1318
16.639
16.1485
15.6605
15.1747
14.6912
14.2099
13.7308
13.2538
12.779
12.3062
11.8355
11.3668
10.9
10.4353
9.97247
9.51154
9.05247
8.59523
8.13978
7.68612
7.23419
6.78399
6.33547
5.88863
5.44343
4.99984
4.55783
4.11736
3.67838
3.24083
2.80464
2.36967
1.93598
1.50262
1.07203
0.636079
0.217656
58.8083
58.3428
57.2766
55.9332
54.628
53.3807
52.1154
50.849
49.6534
48.5698
47.5942
46.7035
45.8764
45.0981
44.3583
43.6495
42.9661
42.3035
41.6582
41.0266
40.406
39.7933
39.1865
38.5834
37.9829
37.3839
36.7862
36.1895
35.5943
35.0006
34.409
33.8199
33.2336
32.6505
32.0707
31.4944
30.9217
30.3525
29.787
29.2249
28.6662
28.1108
27.5586
27.0096
26.4638
25.921
25.3813
24.8445
24.3108
23.78
23.2522
22.7272
22.2052
21.686
21.1697
20.6561
20.1453
19.6372
19.1317
18.6288
18.1285
17.6306
17.1353
16.6424
16.152
15.6638
15.178
14.6944
14.2131
13.7339
13.2568
12.7819
12.309
11.8382
11.3695
10.9027
10.4379
9.975
9.51404
9.05489
8.59762
8.1421
7.68841
7.23641
6.78618
6.3376
5.89074
5.44548
5.00187
4.55978
4.11926
3.68016
3.24247
2.80603
2.37061
1.93631
1.50106
1.06994
0.623764
0.228586
58.1809
57.8019
56.9313
55.7569
54.5434
53.3603
52.155
50.9333
49.7631
48.6946
47.7296
46.8455
46.0189
45.2343
44.483
43.7598
43.0612
42.3844
41.7266
41.0851
40.4569
39.8388
39.2281
38.6224
38.0199
37.4193
36.82
36.2217
35.6246
35.029
34.4354
33.8443
33.2561
32.6711
32.0897
31.5119
30.9379
30.3677
29.8012
29.2383
28.6789
28.1229
27.5702
27.0207
26.4744
25.9312
25.391
24.8539
24.3197
23.7886
23.2604
22.7351
22.2127
21.6933
21.1766
20.6628
20.1517
19.6434
19.1377
18.6346
18.134
17.6361
17.1406
16.6475
16.1569
15.6687
15.1827
14.699
14.2175
13.7382
13.2611
12.7861
12.3131
11.8422
11.3734
10.9065
10.4416
9.97869
9.51762
9.05844
8.60107
8.14552
7.69173
7.23971
6.78939
6.34079
5.89384
5.44855
5.00485
4.56274
4.12211
3.68294
3.24507
2.80844
2.37258
1.93775
1.5008
1.06933
0.615458
0.237716
57.7351
57.4081
56.6294
55.5428
54.3943
53.2718
52.1314
50.9656
49.8319
48.782
47.8252
46.9431
46.1142
45.324
44.565
43.8332
43.1259
42.441
41.7759
41.128
40.494
39.8709
39.2557
38.6458
38.0395
37.4355
36.8331
36.2322
35.6329
35.0355
34.4406
33.8485
33.2596
32.6742
32.0925
31.5146
30.9406
30.3703
29.8037
29.2407
28.6812
28.125
27.5721
27.0224
26.4758
25.9323
25.3919
24.8546
24.3202
23.7889
23.2606
22.7352
22.2128
21.6933
21.1766
20.6627
20.1516
19.6433
19.1376
18.6345
18.1339
17.636
17.1405
16.6474
16.1568
15.6685
15.1825
14.6988
14.2173
13.738
13.2608
12.7858
12.3128
11.8419
11.3731
10.9062
10.4413
9.97834
9.51728
9.05807
8.60071
8.14514
7.69136
7.23932
6.789
6.34038
5.89344
5.44813
5.00443
4.5623
4.12167
3.68247
3.24459
2.8079
2.37191
1.93687
1.49925
1.06786
0.611065
0.240161
57.4666
57.1864
56.4761
55.4618
54.3711
53.2921
52.192
51.0637
49.9568
48.9192
47.9631
47.0753
46.2378
45.4386
44.6712
43.9321
43.2189
42.5287
41.8587
41.2056
40.5659
39.9364
39.3141
38.6969
38.0833
37.4724
36.8637
36.2574
35.6536
35.0528
34.4554
33.8615
33.2714
32.6853
32.1032
31.525
30.9506
30.38
29.8129
29.2494
28.6891
28.1322
27.5785
27.028
26.4806
25.9364
25.3953
24.8574
24.3226
23.7909
23.2622
22.7366
22.214
21.6943
21.1776
20.6636
20.1525
19.6441
19.1384
18.6352
18.1347
17.6367
17.1412
16.6481
16.1574
15.669
15.183
14.6992
14.2177
13.7384
13.2612
12.7861
12.3132
11.8423
11.3734
10.9065
10.4416
9.97865
9.51759
9.05838
8.60102
8.14545
7.69167
7.23963
6.78933
6.3407
5.89377
5.44846
5.00478
4.56265
4.12205
3.68289
3.24509
2.80851
2.37273
1.93796
1.50086
1.07
0.614249
0.237329
57.4355
56.9784
56.1853
55.2224
54.205
53.1636
52.0861
50.9895
49.9208
48.9156
47.9795
47.1004
46.2647
45.4642
44.6947
43.9542
43.2406
42.5513
41.8826
41.2306
40.5909
39.9604
39.3358
38.7155
38.098
37.4832
36.8708
36.2613
35.6551
35.0526
34.454
33.8597
33.2696
32.6838
32.1019
31.524
30.9497
30.379
29.8117
29.2477
28.6868
28.1292
27.5747
27.0234
26.4753
25.9304
25.3887
24.8504
24.3152
23.7832
23.2544
22.7287
22.206
21.6864
21.1696
20.6557
20.1446
19.6363
19.1305
18.6275
18.1269
17.6289
17.1333
16.6402
16.1494
15.6611
15.175
14.6912
14.2096
13.7303
13.2531
12.778
12.3051
11.8342
11.3654
10.8986
10.4337
9.97082
9.50979
9.05069
8.59337
8.13791
7.68419
7.23227
6.78202
6.33353
5.88666
5.44149
4.99789
4.55593
4.11547
3.67659
3.23909
2.80306
2.36813
1.93461
1.5004
1.07115
0.628493
0.220021
58.5988
57.6937
56.5299
55.4213
54.3608
53.2755
52.1512
51.0322
49.9689
48.9813
48.0609
47.1893
46.3527
45.5452
44.7661
44.0157
43.2934
42.5969
41.9223
41.2649
40.6203
39.9843
39.3543
38.728
38.1048
37.4843
36.867
36.2531
35.6433
35.038
34.4375
33.8418
33.2509
32.6645
32.0824
31.5043
30.9299
30.3591
29.7916
29.2274
28.6664
28.1085
27.554
27.0026
26.4546
25.9099
25.3685
24.8305
24.2958
23.7643
23.2362
22.7111
22.1891
21.6701
21.1541
20.6408
20.1304
19.6225
19.1174
18.6148
18.1147
17.6171
17.1219
16.6291
16.1387
15.6506
15.1649
14.6813
14.2001
13.721
13.2441
12.7692
12.2966
11.8259
11.3574
10.8908
10.4262
9.96347
9.50271
9.04377
8.58671
8.13141
7.67793
7.22616
6.77615
6.3278
5.88116
5.43613
4.99276
4.55096
4.11078
3.67213
3.23507
2.79953
2.36558
1.93315
1.5025
1.07286
0.647373
0.206337
65.0301
61.0011
57.9907
56.247
54.6967
53.0581
51.5016
50.1312
48.9334
47.8729
46.9289
46.0859
45.3242
44.622
43.9607
43.3265
42.71
42.1047
41.5059
40.9102
40.3154
39.7202
39.1242
38.5276
37.9306
37.3339
36.738
36.1432
35.5501
34.959
34.3701
33.7838
33.2003
32.6197
32.0421
31.4677
30.8964
30.3284
29.7636
29.202
28.6437
28.0887
27.5368
26.9882
26.4427
25.9004
25.3612
24.8251
24.292
23.7619
23.2348
22.7106
22.1892
21.6707
21.1549
20.642
20.1316
19.624
19.119
18.6165
18.1166
17.6191
17.1241
16.6315
16.1412
15.6533
15.1677
14.6844
14.2032
13.7243
13.2475
12.7728
12.3001
11.8296
11.361
10.8944
10.4298
9.96711
9.5063
9.04733
8.5902
8.13487
7.6813
7.22948
6.77938
6.33097
5.88422
5.43911
4.99561
4.55371
4.11335
3.67454
3.23722
2.80137
2.36696
1.93393
1.50235
1.07175
0.643671
0.212016
61.78
59.607
57.5607
56.0931
54.6754
53.141
51.6362
50.2757
49.0721
48.0023
47.0465
46.1889
45.4116
44.6953
44.022
43.378
42.7532
42.1409
41.5362
40.9356
40.3367
39.7383
39.1397
38.541
37.9422
37.344
36.7467
36.1508
35.5567
34.9648
34.3754
33.7886
33.2048
32.6239
32.0461
31.4715
30.9001
30.3319
29.767
29.2053
28.6469
28.0917
27.5397
26.9909
26.4453
25.9029
25.3635
24.8273
24.2941
23.7639
23.2367
22.7124
22.191
21.6724
21.1567
20.6436
20.1333
19.6256
19.1205
18.618
18.1181
17.6206
17.1256
16.6329
16.1427
15.6547
15.1691
14.6857
14.2045
13.7255
13.2487
12.774
12.3013
11.8307
11.3622
10.8956
10.4309
9.9682
9.50736
9.04838
8.59123
8.13588
7.68229
7.23046
6.78034
6.33191
5.88515
5.44002
4.99651
4.55459
4.11422
3.67538
3.23804
2.80216
2.3677
1.93463
1.50292
1.07237
0.644759
0.211343
60.1883
59.2637
57.7151
56.1644
54.7071
53.2702
51.8707
50.5655
49.3799
48.3089
47.3379
46.4527
45.6396
44.8845
44.1742
43.4975
42.8452
42.2105
41.5882
40.9743
40.3658
39.7606
39.1574
38.5556
37.9547
37.355
36.7566
36.1598
35.565
34.9724
34.3824
33.7951
33.2108
32.6297
32.0516
31.4769
30.9054
30.3371
29.7721
29.2104
28.6519
28.0966
27.5446
26.9956
26.4499
25.9072
25.3677
24.8312
24.2978
23.7674
23.24
22.7155
22.194
21.6752
21.1593
20.6462
20.1357
19.628
19.1228
18.6202
18.1202
17.6226
17.1275
16.6348
16.1445
15.6565
15.1708
14.6874
14.2062
13.7271
13.2503
12.7755
12.3028
11.8321
11.3635
10.8969
10.4322
9.96943
9.50856
9.04955
8.59236
8.13698
7.68337
7.2315
6.78135
6.33289
5.8861
5.44095
4.99742
4.55547
4.11507
3.67618
3.23877
2.80279
2.36814
1.93485
1.50251
1.07221
0.64198
0.211953
59.1774
58.637
57.3842
55.916
54.5483
53.2579
51.9782
50.7281
49.557
48.4878
47.5154
46.624
45.7986
45.0266
44.2972
43.6013
42.9316
42.2818
41.6473
41.0239
40.4086
39.7987
39.1924
38.5885
37.9862
37.3852
36.7855
36.1872
35.5908
34.9965
34.4047
33.8156
33.2297
32.647
32.0677
31.4918
30.9194
30.3504
29.7848
29.2226
28.6637
28.1081
27.5557
27.0064
26.4603
25.9173
25.3774
24.8405
24.3067
23.7759
23.2481
22.7232
22.2013
21.6822
21.166
20.6525
20.1418
19.6338
19.1284
18.6256
18.1254
17.6276
17.1324
16.6395
16.1491
15.661
15.1752
14.6916
14.2103
13.7312
13.2542
12.7793
12.3065
11.8357
11.367
10.9003
10.4355
9.97266
9.51172
9.05261
8.59536
8.13989
7.68622
7.23427
6.78406
6.33553
5.88869
5.44346
4.99988
4.55784
4.11737
3.67837
3.24081
2.80459
2.36955
1.93576
1.50196
1.07139
0.632859
0.220121
58.3649
57.9512
56.9759
55.7186
54.4763
53.2877
52.085
50.8726
49.7123
48.6477
47.6807
46.7928
45.9644
45.1818
44.4359
43.7201
43.0297
42.3604
41.7089
41.0717
40.4459
39.8285
39.2172
38.61
38.0057
37.4032
36.8023
36.203
35.6053
35.0096
34.4165
33.8261
33.2388
32.655
32.0747
31.4981
30.9251
30.3558
29.7901
29.2278
28.6689
28.1133
27.561
27.0118
26.4657
25.9227
25.3828
24.8458
24.3119
23.781
23.253
22.7279
22.2058
21.6866
21.1702
20.6565
20.1457
19.6375
19.132
18.6291
18.1287
17.6309
17.1355
16.6426
16.1521
15.6639
15.1781
14.6945
14.2131
13.7339
13.2568
12.7819
12.309
11.8382
11.3694
10.9026
10.4378
9.97491
9.51391
9.05477
8.59747
8.14196
7.68824
7.23625
6.786
6.33744
5.89054
5.4453
5.00166
4.55958
4.11903
3.67994
3.2422
2.80574
2.37019
1.93575
1.49987
1.0688
0.619564
0.231492
57.7352
57.4082
56.6295
55.5427
54.3942
53.2719
52.1317
50.9658
49.8317
48.7816
47.8248
46.9429
46.1142
45.3244
44.5655
43.8337
43.1263
42.4412
41.7759
41.1278
40.4937
39.8705
39.2553
38.6455
38.0393
37.4354
36.8331
36.2323
35.633
35.0357
34.4408
33.8486
33.2597
32.6743
32.0926
31.5147
30.9406
30.3703
29.8037
29.2407
28.6811
28.1249
27.572
27.0223
26.4758
25.9323
25.3919
24.8545
24.3202
23.7889
23.2606
22.7352
22.2128
21.6932
21.1766
20.6627
20.1516
19.6433
19.1376
18.6345
18.134
17.636
17.1405
16.6474
16.1568
15.6685
15.1825
14.6988
14.2173
13.738
13.2608
12.7858
12.3128
11.8419
11.3731
10.9062
10.4413
9.97833
9.51727
9.05806
8.6007
8.14513
7.69135
7.23931
6.789
6.34038
5.89344
5.44814
5.00445
4.56231
4.12169
3.68249
3.2446
2.80791
2.37191
1.93686
1.49924
1.06785
0.611057
0.240158
57.2873
57.0131
56.3276
55.3301
54.2472
53.1863
52.1125
51.0045
49.9078
48.8764
47.9267
47.0454
46.2129
45.4159
44.6478
43.9059
43.1887
42.4947
41.8219
41.1674
40.528
39.9001
39.2808
38.6672
38.0575
37.4504
36.8452
36.2417
35.6403
35.0412
34.4449
33.8518
33.2623
32.6765
32.0947
31.5167
30.9427
30.3724
29.8058
29.2427
28.683
28.1266
27.5735
27.0235
26.4766
25.9329
25.3922
24.8546
24.3201
23.7886
23.2602
22.7348
22.2123
21.6928
21.1761
20.6623
20.1512
19.6429
19.1372
18.6341
18.1336
17.6357
17.1402
16.6471
16.1565
15.6681
15.1821
14.6984
14.2169
13.7375
13.2604
12.7853
12.3123
11.8414
11.3725
10.9057
10.4408
9.97778
9.51672
9.0575
8.60014
8.14457
7.69078
7.23874
6.78843
6.33981
5.89286
5.44755
5.00385
4.5617
4.12107
3.68185
3.24392
2.80717
2.37102
1.93578
1.49744
1.0663
0.606552
0.242182
57.0169
56.7896
56.1732
55.2493
54.2252
53.2088
52.1773
51.1098
50.0428
49.0252
48.076
47.1871
46.3433
45.534
44.7544
44.0028
43.2779
42.5778
41.8998
41.2404
40.5958
39.9622
39.3364
38.716
38.0992
37.4852
36.8736
36.2647
35.6587
35.0561
34.4573
33.8625
33.2719
32.6856
32.1036
31.5255
30.9514
30.381
29.814
29.2505
28.6902
28.1332
27.5792
27.0285
26.4808
25.9363
25.395
24.8568
24.3218
23.79
23.2612
22.7356
22.213
21.6933
21.1766
20.6628
20.1517
19.6433
19.1377
18.6346
18.1341
17.6361
17.1406
16.6475
16.1568
15.6685
15.1824
14.6987
14.2171
13.7378
13.2606
12.7855
12.3125
11.8417
11.3728
10.9059
10.441
9.97808
9.51702
9.05783
8.60047
8.14493
7.69115
7.23913
6.78882
6.34022
5.89328
5.44798
5.00429
4.56216
4.12154
3.68238
3.24452
2.8079
2.37194
1.937
1.4991
1.06867
0.609516
0.239615
56.9855
56.5818
55.882
55.0095
54.0592
53.0793
52.0682
51.0316
50.0043
49.0216
48.0947
47.2159
46.374
45.5625
44.7794
44.0248
43.2986
42.5988
41.9221
41.264
40.6198
39.9855
39.3577
38.7341
38.1134
37.4952
36.8797
36.2674
35.6587
35.0543
34.4544
33.8593
33.2689
32.6831
32.1015
31.524
30.9502
30.3799
29.8128
29.2489
28.6881
28.1303
27.5756
27.024
26.4755
25.9304
25.3884
24.8498
24.3144
23.7822
23.2533
22.7276
22.2049
21.6853
21.1686
20.6548
20.1438
19.6355
19.1298
18.6268
18.1262
17.6282
17.1327
16.6395
16.1488
15.6604
15.1743
14.6905
14.2089
13.7295
13.2523
12.7773
12.3044
11.8335
11.3647
10.8979
10.4331
9.97021
9.50923
9.05012
8.59286
8.1374
7.68372
7.2318
6.78159
6.3331
5.88626
5.44108
4.99751
4.55554
4.11511
3.6762
3.23871
2.80264
2.36762
1.93395
1.49903
1.07024
0.62362
0.222212
58.1466
57.2966
56.2294
55.2156
54.2267
53.2032
52.1409
51.076
50.0504
49.0847
48.1744
47.3041
46.4618
45.643
44.8494
44.0839
43.348
42.6404
41.9573
41.2939
40.6447
40.0051
39.3717
38.7423
38.1157
37.492
36.8714
36.2548
35.6428
35.036
34.4345
33.8385
33.2476
32.6617
32.0802
31.5028
30.9291
30.3588
29.7917
29.2276
28.6666
28.1086
27.5537
27.002
26.4536
25.9086
25.3669
24.8287
24.2938
23.7623
23.2341
22.7091
22.1872
21.6683
21.1524
20.6393
20.129
19.6213
19.1163
18.6138
18.1138
17.6163
17.1211
16.6284
16.138
15.6499
15.1642
14.6807
14.1994
13.7203
13.2434
12.7686
12.296
11.8254
11.3568
10.8903
10.4257
9.96305
9.5023
9.04342
8.58637
8.13112
7.67765
7.22593
6.77592
6.32761
5.88097
5.43598
4.99261
4.55084
4.11067
3.67205
3.23499
2.79948
2.36549
1.93304
1.50215
1.07245
0.645929
0.206988
64.774
60.7928
57.8416
56.1599
54.6598
53.055
51.5232
50.1737
48.9931
47.9465
47.0141
46.1807
45.4265
44.7293
44.0698
43.4347
42.8149
42.2045
41.5996
40.9971
40.3952
39.7931
39.1904
38.5874
37.9845
37.3824
36.7815
36.1823
35.5852
34.9905
34.3985
33.8093
33.2233
32.6404
32.0608
31.4846
30.9117
30.3422
29.7761
29.2134
28.654
28.098
27.5453
26.9959
26.4498
25.9069
25.3671
24.8305
24.2969
23.7664
23.2389
22.7143
22.1926
21.6738
21.1578
20.6446
20.1341
19.6262
19.121
18.6184
18.1183
17.6207
17.1255
16.6328
16.1424
15.6544
15.1687
14.6853
14.2041
13.725
13.2482
12.7734
12.3007
11.8301
11.3615
10.8949
10.4303
9.96752
9.50667
9.04768
8.59053
8.13517
7.68159
7.22975
6.77964
6.33122
5.88446
5.43935
4.99586
4.55396
4.11362
3.67482
3.23754
2.80173
2.36739
1.93442
1.50299
1.07238
0.644797
0.212083
61.5252
59.3996
57.416
56.0132
54.646
53.1455
51.6671
50.3292
49.1435
48.0864
47.1397
46.2892
45.5173
44.8043
44.1322
43.4871
42.8593
42.2422
41.6316
41.0242
40.4183
39.8128
39.2073
38.6019
37.997
37.3932
36.7909
36.1905
35.5924
34.997
34.4044
33.8148
33.2285
32.6454
32.0656
31.4892
30.9162
30.3466
29.7803
29.2174
28.6579
28.1017
27.5488
26.9992
26.4529
25.9098
25.3699
24.8331
24.2994
23.7688
23.2412
22.7165
22.1948
21.6759
21.1598
20.6465
20.136
19.6281
19.1228
18.6201
18.12
17.6223
17.1272
16.6344
16.144
15.656
15.1703
14.6868
14.2055
13.7265
13.2496
12.7748
12.3021
11.8314
11.3628
10.8962
10.4315
9.96874
9.50787
9.04886
8.59168
8.13631
7.68271
7.23085
6.78072
6.33228
5.88551
5.44038
4.99688
4.55496
4.1146
3.67578
3.23847
2.80264
2.36825
1.93524
1.50373
1.07316
0.646441
0.210868
59.9285
59.0498
57.5669
56.0842
54.6789
53.2784
51.9103
50.6333
49.4689
48.4104
47.4455
46.5628
45.7502
44.9943
44.2822
43.6026
42.9466
42.3073
41.6796
41.0597
40.4448
39.833
39.2231
38.6148
38.0078
37.4024
36.7989
36.1975
35.5986
35.0024
34.4093
33.8194
33.2327
32.6495
32.0696
31.4932
30.9203
30.3507
29.7845
29.2217
28.6622
28.106
27.5531
27.0034
26.457
25.9137
25.3736
24.8367
24.3028
23.7721
23.2443
22.7195
22.1976
21.6786
21.1624
20.6491
20.1384
19.6304
19.1251
18.6223
18.1221
17.6244
17.1292
16.6364
16.1459
15.6578
15.172
14.6885
14.2072
13.7281
13.2511
12.7763
12.3036
11.8329
11.3642
10.8975
10.4328
9.97
9.5091
9.05005
8.59284
8.13743
7.6838
7.23191
6.78175
6.33328
5.88648
5.44133
4.99779
4.55584
4.11545
3.67659
3.23921
2.80328
2.36872
1.93553
1.50349
1.07329
0.644581
0.210211
58.914
58.4209
57.2358
55.8368
54.5223
53.271
52.0266
50.8091
49.6616
48.6045
47.6354
46.7424
45.9133
45.1365
44.4024
43.7019
43.0277
42.3734
41.734
41.1053
40.4842
39.8681
39.2555
38.6452
38.0367
37.4298
36.8247
36.2217
35.6211
35.0232
34.4284
33.8369
33.2489
32.6644
32.0836
31.5064
30.9328
30.3627
29.7961
29.2329
28.6731
28.1166
27.5634
27.0133
26.4666
25.9229
25.3825
24.8451
24.3109
23.7797
23.2516
22.7264
22.2042
21.6849
21.1685
20.6548
20.144
19.6358
19.1302
18.6273
18.127
17.6291
17.1337
16.6408
16.1503
15.662
15.1762
14.6925
14.2112
13.7319
13.2549
12.78
12.3071
11.8363
11.3676
10.9008
10.436
9.97316
9.51219
9.05307
8.59581
8.14032
7.68664
7.23467
6.78446
6.33592
5.88908
5.44385
5.00027
4.55824
4.11778
3.6788
3.2413
2.80515
2.37024
1.93661
1.50324
1.07294
0.636262
0.217374
58.0988
57.7322
56.8248
55.638
54.4512
53.3044
52.1401
50.9631
49.828
48.7753
47.81
46.9181
46.0833
45.2937
44.541
43.8193
43.1236
42.4495
41.7931
41.1508
40.5192
39.8956
39.2776
38.6636
38.0526
37.4438
36.8371
36.2327
35.6308
35.0317
34.4358
33.8433
33.2545
32.6694
32.0882
31.5108
30.9371
30.367
29.8005
29.2375
28.6778
28.1214
27.5682
27.0183
26.4714
25.9277
25.3872
24.8497
24.3153
23.7839
23.2556
22.7303
22.208
21.6886
21.172
20.6583
20.1473
19.639
19.1334
18.6304
18.13
17.6321
17.1366
16.6436
16.153
15.6648
15.1789
14.6952
14.2137
13.7345
13.2574
12.7824
12.3095
11.8387
11.3699
10.9031
10.4382
9.9753
9.51429
9.05514
8.59783
8.14232
7.68859
7.23661
6.78635
6.33779
5.8909
5.44566
5.00202
4.55996
4.11942
3.68037
3.24269
2.80633
2.37095
1.93675
1.50138
1.07073
0.62303
0.228498
57.4666
57.1864
56.4761
55.4617
54.371
53.2923
52.1923
51.0639
49.9566
48.9187
47.9627
47.0751
46.238
45.4391
44.6717
43.9326
43.2191
42.5287
41.8585
41.2052
40.5655
39.9359
39.3138
38.6967
38.0833
37.4724
36.8639
36.2576
35.6538
35.053
34.4555
33.8615
33.2714
32.6853
32.1031
31.5249
30.9506
30.38
29.8129
29.2494
28.6892
28.1322
27.5785
27.028
26.4806
25.9364
25.3953
24.8574
24.3225
23.7908
23.2622
22.7365
22.2139
21.6943
21.1775
20.6636
20.1525
19.6441
19.1384
18.6353
18.1347
17.6367
17.1412
16.6481
16.1574
15.6691
15.183
14.6993
14.2177
13.7384
13.2612
12.7861
12.3132
11.8423
11.3734
10.9065
10.4416
9.97863
9.51757
9.05836
8.601
8.14543
7.69166
7.23962
6.78932
6.34071
5.89378
5.44848
5.0048
4.56267
4.12207
3.68291
3.2451
2.80852
2.37273
1.93796
1.50085
1.06999
0.614242
0.237324
57.0169
56.7896
56.1732
55.2493
54.2251
53.2088
52.1774
51.1098
50.0427
49.025
48.0758
47.1871
46.3434
45.5342
44.7547
44.003
43.2779
42.5777
41.8996
41.2402
40.5956
39.9621
39.3364
38.716
38.0993
37.4853
36.8738
36.2648
35.6588
35.0562
34.4573
33.8625
33.2719
32.6856
32.1035
31.5255
30.9513
30.3809
29.814
29.2505
28.6903
28.1332
27.5793
27.0285
26.4808
25.9363
25.395
24.8568
24.3218
23.7899
23.2612
22.7355
22.2129
21.6933
21.1766
20.6627
20.1517
19.6433
19.1377
18.6346
18.1341
17.6361
17.1406
16.6476
16.1569
15.6685
15.1825
14.6987
14.2171
13.7378
13.2606
12.7855
12.3125
11.8416
11.3728
10.9059
10.441
9.97807
9.517
9.05782
8.60046
8.14492
7.69114
7.23912
6.78882
6.34022
5.89328
5.44799
5.00429
4.56217
4.12155
3.68239
3.24453
2.80791
2.37194
1.93699
1.4991
1.06866
0.609511
0.239612
56.7451
56.5646
56.0175
55.1678
54.2021
53.2295
52.2407
51.2159
50.182
49.1817
48.2354
47.3397
46.4837
45.6601
44.8663
44.102
43.3665
42.6581
41.9734
41.3083
40.6583
40.0192
39.3875
38.7607
38.1374
37.517
36.8995
36.2853
35.6748
35.0688
34.4673
33.8708
33.2791
32.6923
32.1099
31.5318
30.9576
30.387
29.8199
29.2561
28.6953
28.1378
27.5832
27.0318
26.4836
25.9386
25.3967
24.8582
24.3228
23.7907
23.2618
22.7361
22.2134
21.6938
21.1771
20.6633
20.1522
19.6439
19.1382
18.6352
18.1346
17.6366
17.1411
16.6479
16.1572
15.6688
15.1827
14.6989
14.2173
13.7379
13.2607
12.7857
12.3127
11.8418
11.373
10.9061
10.4413
9.97835
9.5173
9.05816
8.60082
8.14532
7.69155
7.23957
6.78928
6.34071
5.89378
5.44852
5.00482
4.56273
4.12212
3.68302
3.24521
2.80872
2.37288
1.9382
1.50061
1.07105
0.61212
0.237093
56.7137
56.357
55.7276
54.9317
54.0429
53.1068
52.1354
51.1375
50.141
49.1755
48.2531
47.3699
46.518
45.6935
44.8965
44.1286
43.3907
42.6811
41.9963
41.3313
40.6809
40.0405
39.4065
38.7767
38.1497
37.5256
36.9045
36.2873
35.6745
35.0669
34.4645
33.8677
33.2761
32.6895
32.1075
31.5296
30.9555
30.3848
29.8174
29.253
28.6916
28.1333
27.578
27.0259
26.477
25.9314
25.3891
24.8502
24.3147
23.7825
23.2536
22.7279
22.2053
21.6858
21.1691
20.6554
20.1445
19.6362
19.1306
18.6275
18.127
17.629
17.1334
16.6402
16.1494
15.661
15.1748
14.691
14.2094
13.73
13.2528
12.7778
12.3049
11.8341
11.3653
10.8985
10.4337
9.97089
9.50994
9.05088
8.59363
8.13821
7.68455
7.23266
6.78246
6.33399
5.88716
5.44201
4.99844
4.5565
4.11608
3.6772
3.23976
2.80377
2.36884
1.93536
1.50056
1.07263
0.626009
0.219535
57.8734
57.0681
56.0675
55.1313
54.2107
53.2397
52.2204
51.1915
50.1913
49.2385
48.3309
47.4565
46.6055
45.7753
44.9689
44.1903
43.4421
42.7232
42.0303
41.3581
40.701
40.054
39.4135
38.7774
38.1446
37.5152
36.8898
36.2692
35.654
35.0449
34.4418
33.8448
33.2534
32.6672
32.0856
31.5081
30.9341
30.3635
29.796
29.2314
28.6698
28.1112
27.5558
27.0036
26.4547
25.9093
25.3674
24.8289
24.294
23.7625
23.2343
22.7094
22.1876
21.6689
21.1531
20.6401
20.1299
19.6223
19.1173
18.6149
18.1149
17.6173
17.1222
16.6294
16.139
15.6509
15.1651
14.6816
14.2003
13.7213
13.2444
12.7696
12.297
11.8264
11.3579
10.8914
10.4268
9.96418
9.50345
9.04459
8.58755
8.13232
7.67886
7.22714
6.77713
6.32882
5.88218
5.43719
4.99382
4.55206
4.11189
3.67329
3.23625
2.80077
2.36682
1.93441
1.50363
1.07392
0.648015
0.206223
64.7532
60.6165
57.5978
55.9579
54.5195
52.9542
51.4471
50.1194
48.9595
47.9304
47.0118
46.1894
45.4436
44.7523
44.0966
43.4632
42.8434
42.2318
41.6247
41.0195
40.4147
39.8096
39.2041
38.5986
37.9934
37.3893
36.7867
36.186
35.5876
34.9919
34.399
33.8091
33.2224
32.639
32.0589
31.4823
30.909
30.3392
29.7728
29.2098
28.6503
28.0941
27.5412
26.9916
26.4453
25.9023
25.3624
24.8256
24.292
23.7614
23.2338
22.7092
22.1875
21.6686
21.1526
20.6393
20.1287
19.6209
19.1156
18.613
18.1129
17.6153
17.1201
16.6274
16.1371
15.6491
15.1634
14.68
14.1988
13.7198
13.2429
12.7682
12.2956
11.825
11.3564
10.8898
10.4252
9.96253
9.50173
9.04279
8.58568
8.13038
7.67685
7.22507
6.77501
6.32665
5.87996
5.43491
4.99149
4.54967
4.10943
3.67073
3.23357
2.79791
2.36378
1.93102
1.50009
1.06967
0.643918
0.210509
61.4997
59.2026
57.1454
55.7907
54.4907
53.0304
51.5772
50.2639
49.1025
48.0658
47.1345
46.2951
45.5313
44.8239
44.1553
43.5118
42.8842
42.2663
41.6538
41.0442
40.4358
39.8276
39.2196
38.6119
38.0049
37.3992
36.7953
36.1936
35.5944
34.998
34.4046
33.8143
33.2273
32.6436
32.0633
31.4864
30.913
30.3429
29.7763
29.2131
28.6533
28.0969
27.5438
26.9941
26.4476
25.9043
25.3643
24.8275
24.2937
23.763
23.2354
22.7107
22.1889
21.67
21.1539
20.6406
20.13
19.6221
19.1168
18.6141
18.114
17.6164
17.1212
16.6285
16.1381
15.6501
15.1644
14.681
14.1998
13.7207
13.2439
12.7691
12.2965
11.8259
11.3573
10.8907
10.4261
9.9634
9.50259
9.04364
8.58652
8.1312
7.67766
7.22586
6.7758
6.32742
5.88072
5.43567
4.99224
4.5504
4.11015
3.67144
3.23427
2.7986
2.36445
1.93168
1.50081
1.07042
0.646706
0.207804
59.9007
58.8463
57.2882
55.8578
54.52
53.1553
51.8099
50.56
49.4254
48.3924
47.4456
46.5746
45.7693
45.0178
44.3079
43.6288
42.9722
42.3316
41.7021
41.08
40.4627
39.8485
39.2362
38.6257
38.0167
37.4095
36.8044
36.2018
35.6018
35.0048
34.411
33.8204
33.2332
32.6493
32.069
31.4921
30.9186
30.3485
29.7818
29.2185
28.6586
28.102
27.5487
26.9987
26.4519
25.9085
25.3682
24.8311
24.2971
23.7662
23.2383
22.7134
22.1914
21.6724
21.1561
20.6427
20.132
19.6239
19.1185
18.6158
18.1155
17.6178
17.1225
16.6297
16.1393
15.6512
15.1654
14.6819
14.2006
13.7215
13.2446
12.7698
12.2971
11.8265
11.3579
10.8912
10.4266
9.96385
9.50301
9.04403
8.58689
8.13155
7.67799
7.22618
6.77609
6.3277
5.88099
5.43592
4.99248
4.55063
4.11036
3.67164
3.23444
2.79874
2.36452
1.93172
1.50077
1.07094
0.648326
0.203394
58.8847
58.2157
56.9528
55.6061
54.3597
53.1427
51.9203
50.7322
49.619
48.5912
47.6422
46.7611
45.9382
45.1645
44.4313
43.7306
43.0553
42.3997
41.7586
41.1279
40.5046
39.886
39.2707
38.6576
38.0465
37.4373
36.8303
36.2256
35.6237
35.0249
34.4295
33.8374
33.2491
32.6643
32.0832
31.5056
30.9316
30.361
29.7939
29.2302
28.6698
28.1127
27.559
27.0084
26.4612
25.9172
25.3764
24.8388
24.3044
23.773
23.2448
22.7195
22.1973
21.6779
21.1614
20.6478
20.1369
19.6286
19.1231
18.6201
18.1197
17.6218
17.1264
16.6335
16.1429
15.6547
15.1688
14.6851
14.2037
13.7245
13.2475
12.7726
12.2998
11.8291
11.3604
10.8937
10.429
9.96613
9.50524
9.04618
8.58899
8.13357
7.67997
7.22809
6.77797
6.32951
5.88276
5.43763
4.99415
4.55223
4.11192
3.67311
3.23584
2.80001
2.36564
1.93266
1.50114
1.07165
0.645338
0.205194
58.0684
57.5253
56.5368
55.4013
54.285
53.1739
52.0319
50.8859
49.7877
48.7662
47.8212
46.9396
46.109
45.3203
44.5672
43.8449
43.1487
42.4745
41.8179
41.1751
40.5424
39.9169
39.2963
38.6793
38.0649
37.4529
36.8434
36.2365
35.6328
35.0324
34.4356
33.8428
33.2538
32.6688
32.0876
31.5102
30.9364
30.3661
29.7993
29.2357
28.6754
28.1183
27.5645
27.0138
26.4664
25.9221
25.3811
24.8432
24.3085
23.7769
23.2484
22.723
22.2006
21.6811
21.1646
20.6508
20.1398
19.6315
19.1259
18.6229
18.1224
17.6245
17.129
16.636
16.1453
15.657
15.171
14.6873
14.2058
13.7265
13.2494
12.7745
12.3016
11.8308
11.362
10.8953
10.4305
9.96762
9.50668
9.0476
8.59036
8.13493
7.68128
7.22938
6.77922
6.33075
5.88396
5.43881
4.99529
4.55336
4.11299
3.67413
3.23677
2.80083
2.3662
1.93297
1.50017
1.0708
0.636084
0.212365
57.4355
56.9785
56.1854
55.2224
54.2048
53.1635
52.0862
50.9896
49.9208
48.9155
47.9795
47.1006
46.2651
45.4645
44.6949
43.9541
43.2403
42.5509
41.8821
41.2301
40.5907
39.9603
39.336
38.7158
38.0985
37.4836
36.8712
36.2616
35.6552
35.0525
34.4538
33.8594
33.2693
32.6834
32.1016
31.5238
30.9496
30.379
29.8117
29.2478
28.687
28.1294
27.5749
27.0236
26.4754
25.9305
25.3888
24.8504
24.3151
23.7831
23.2543
22.7286
22.2059
21.6863
21.1695
20.6557
20.1446
19.6362
19.1305
18.6275
18.1269
17.6289
17.1334
16.6403
16.1495
15.6611
15.175
14.6912
14.2096
13.7303
13.2531
12.778
12.3051
11.8342
11.3654
10.8986
10.4337
9.97081
9.50977
9.05067
8.59335
8.1379
7.68418
7.23226
6.78202
6.33353
5.88667
5.44151
4.9979
4.55595
4.11549
3.6766
3.23909
2.80306
2.36812
1.9346
1.50039
1.07115
0.628498
0.220017
56.9855
56.5819
55.8822
55.0095
54.059
53.0792
52.0682
51.0316
50.0043
49.0216
48.0948
47.2161
46.3743
45.5627
44.7795
44.0247
43.2983
42.5983
41.9216
41.2636
40.6196
39.9856
39.358
38.7345
38.1139
37.4957
36.8801
36.2676
35.6588
35.0542
34.4542
33.859
33.2685
32.6827
32.1012
31.5237
30.95
30.3798
29.8128
29.249
28.6882
28.1305
27.5758
27.0242
26.4757
25.9305
25.3885
24.8498
24.3143
23.7822
23.2532
22.7275
22.2048
21.6852
21.1685
20.6547
20.1437
19.6354
19.1298
18.6268
18.1263
17.6283
17.1327
16.6396
16.1488
15.6604
15.1743
14.6905
14.2089
13.7296
13.2524
12.7773
12.3044
11.8335
11.3647
10.8979
10.4331
9.97019
9.50921
9.05011
8.59284
8.13739
7.68371
7.23179
6.78159
6.3331
5.88627
5.44109
4.99752
4.55555
4.11512
3.6762
3.23871
2.80264
2.36761
1.93395
1.49902
1.07024
0.623624
0.22221
56.7137
56.357
55.7276
54.9317
54.0428
53.1068
52.1353
51.1375
50.141
49.1755
48.2532
47.37
46.5182
45.6936
44.8965
44.1285
43.3905
42.6808
41.996
41.3311
40.6808
40.0406
39.4067
38.777
38.1501
37.5259
36.9048
36.2874
35.6746
35.0668
34.4644
33.8675
33.2758
32.6892
32.1072
31.5294
30.9554
30.3848
29.8174
29.2531
28.6917
28.1334
27.5781
27.026
26.4771
25.9315
25.3892
24.8502
24.3147
23.7825
23.2535
22.7278
22.2052
21.6857
21.1691
20.6554
20.1444
19.6362
19.1306
18.6275
18.127
17.629
17.1334
16.6403
16.1495
15.661
15.1749
14.691
14.2094
13.7301
13.2529
12.7778
12.3049
11.8341
11.3653
10.8985
10.4337
9.97089
9.50993
9.05087
8.59362
8.13821
7.68454
7.23265
6.78246
6.33399
5.88717
5.44201
4.99845
4.5565
4.11608
3.6772
3.23976
2.80377
2.36883
1.93536
1.50056
1.07264
0.626012
0.219535
56.6827
56.1461
55.4306
54.6878
53.8799
52.9877
52.0382
51.0663
50.1022
49.1663
48.2645
47.3929
46.546
45.7219
44.9231
44.1529
43.4131
42.7023
42.0168
41.3511
40.6998
40.0579
39.4218
38.7893
38.1595
37.5325
36.909
36.2896
35.6754
35.0667
34.4639
33.8667
33.2751
32.6884
32.1063
31.5281
30.9536
30.3822
29.814
29.2487
28.6864
28.1272
27.571
27.0181
26.4686
25.9225
25.38
24.8409
24.3053
23.7731
23.2443
22.7187
22.1964
21.677
21.1606
20.647
20.1362
19.628
19.1225
18.6195
18.1191
17.6211
17.1255
16.6323
16.1416
15.6532
15.1671
14.6833
14.2018
13.7225
13.2454
12.7705
12.2977
11.8269
11.3583
10.8916
10.427
9.96424
9.50346
9.04446
8.58738
8.13203
7.67853
7.2267
6.77666
6.32825
5.88158
5.43649
4.9931
4.55124
4.11102
3.67229
3.23516
2.79949
2.36522
1.93254
1.49985
1.07332
0.637034
0.205501
57.8471
56.8721
55.7874
54.8888
54.0372
53.1151
52.1303
51.1349
50.1671
49.2394
48.3477
47.4814
46.6336
45.8037
44.9964
44.2166
43.4673
42.7472
42.053
41.3787
40.7191
40.0689
39.425
38.7852
38.1491
37.5168
36.8891
36.2669
35.6508
35.0411
34.438
33.841
33.2498
32.6636
32.082
31.5041
30.9298
30.3585
29.7902
29.2248
28.6625
28.1031
27.5471
26.9945
26.4454
25.8998
25.3579
24.8196
24.2849
23.7537
23.2259
22.7013
22.1799
21.6615
21.146
20.6332
20.1232
19.6158
19.111
18.6086
18.1088
17.6113
17.1163
16.6236
16.1333
15.6453
15.1597
14.6762
14.1951
13.7162
13.2395
12.7649
12.2924
11.822
11.3536
10.8872
10.4228
9.96031
9.49973
9.04095
8.58404
8.12888
7.67553
7.22386
6.77396
6.3257
5.87916
5.43421
4.99094
4.54923
4.10917
3.67063
3.23373
2.79835
2.36461
1.93237
1.50221
1.07272
0.649764
0.203714
65.9203
61.3449
58.0033
56.2231
54.7174
53.1025
51.5592
50.2128
49.05
48.0277
47.1201
46.3083
45.5702
44.8828
44.227
43.5903
42.9648
42.3455
41.7293
41.1144
40.5
39.8856
39.2712
38.6573
38.0445
37.4335
36.8248
36.2187
35.6155
35.0156
34.4189
33.8258
33.2363
32.6504
32.0682
31.4897
30.9148
30.3437
29.7761
29.2122
28.6518
28.0949
27.5414
26.9913
26.4446
25.9012
25.3611
24.8241
24.2903
23.7596
23.2319
22.7072
22.1854
21.6665
21.1505
20.6372
20.1267
19.6188
19.1136
18.611
18.1109
17.6134
17.1183
16.6257
16.1354
15.6475
15.1618
14.6785
14.1974
13.7184
13.2417
12.767
12.2944
11.8239
11.3554
10.8889
10.4244
9.96174
9.501
9.04212
8.58507
8.12982
7.67635
7.22462
6.77462
6.32631
5.87968
5.43469
4.99133
4.54957
4.1094
3.67079
3.23373
2.79819
2.36421
1.93164
1.50083
1.0707
0.644048
0.211857
62.6848
59.9412
57.5315
56.0267
54.6679
53.1638
51.6742
50.3419
49.1793
48.1522
47.2343
46.4073
45.6524
44.9495
44.2811
43.6342
43.0003
42.3742
41.7523
41.1327
40.5143
39.8965
39.2793
38.663
38.0484
37.4358
36.8258
36.2187
35.6148
35.0142
34.4172
33.8238
33.234
32.648
32.0657
31.4871
30.9123
30.3411
29.7735
29.2095
28.6491
28.0922
27.5388
26.9888
26.4422
25.8989
25.3588
24.8219
24.2882
23.7576
23.23
22.7054
22.1837
21.6649
21.149
20.6358
20.1253
19.6176
19.1124
18.6099
18.1099
17.6124
17.1174
16.6248
16.1345
15.6466
15.1611
14.6778
14.1967
13.7178
13.241
12.7664
12.2939
11.8234
11.3549
10.8885
10.4239
9.96132
9.50061
9.04174
8.58471
8.12948
7.67602
7.22431
6.77433
6.32603
5.87941
5.43443
4.99109
4.54934
4.10918
3.67058
3.23353
2.79801
2.36405
1.93151
1.50084
1.0707
0.645393
0.209802
61.0782
59.5681
57.6376
56.0596
54.6788
53.2783
51.8943
50.6207
49.4816
48.4561
47.521
46.6613
45.8644
45.1177
44.409
43.7282
43.0674
42.4208
41.784
41.1539
40.5284
39.9059
39.2858
38.6679
38.0522
37.439
36.8285
36.2212
35.6171
35.0165
34.4194
33.8261
33.2365
32.6505
32.0683
31.4898
30.9149
30.3436
29.7759
29.2118
28.6512
28.094
27.5403
26.99
26.4431
25.8995
25.3592
24.8221
24.2882
23.7574
23.2297
22.7049
22.1832
21.6643
21.1482
20.635
20.1245
19.6167
19.1115
18.6089
18.1089
17.6113
17.1163
16.6236
16.1334
15.6455
15.1599
14.6766
14.1955
13.7166
13.2399
12.7653
12.2927
11.8223
11.3538
10.8873
10.4228
9.96024
9.49955
9.0407
8.58369
8.12848
7.67505
7.22335
6.77339
6.32511
5.87851
5.43356
4.99023
4.5485
4.10836
3.66978
3.23277
2.79727
2.36336
1.9309
1.50048
1.07056
0.647138
0.206035
60.0549
58.9309
57.2983
55.8122
54.5274
53.2697
52.0009
50.7849
49.6674
48.6492
47.7132
46.8432
46.0274
45.2565
44.5226
43.8185
43.1379
42.4755
41.8269
41.1881
40.5564
39.9296
39.3064
38.686
38.0681
37.4529
36.8406
36.2316
35.626
35.0241
34.4261
33.8321
33.242
32.6558
32.0735
31.4949
30.9201
30.3488
29.7811
29.2168
28.656
28.0986
27.5447
26.9941
26.4468
25.9029
25.3623
24.8249
24.2908
23.7598
23.2319
22.7071
22.1852
21.6662
21.1502
20.6369
20.1263
19.6185
19.1132
18.6106
18.1105
17.6129
17.1178
16.6251
16.1348
15.6468
15.1611
14.6777
14.1966
13.7176
13.2408
12.7661
12.2935
11.823
11.3545
10.8879
10.4234
9.96076
9.50004
9.04115
8.58412
8.12886
7.67541
7.22368
6.7737
6.32539
5.87877
5.43378
4.99045
4.54869
4.10854
3.66993
3.2329
2.79739
2.36351
1.9311
1.50087
1.07118
0.648712
0.203804
59.2346
58.241
56.8833
55.6055
54.447
53.291
52.1008
50.9296
49.8325
48.8252
47.8946
47.0222
46.1943
45.4033
44.645
43.9161
43.2131
42.5323
41.8694
41.2204
40.5814
39.9497
39.3229
38.6997
38.0793
37.4618
36.8473
36.2363
35.629
35.0258
34.4269
33.8324
33.2421
32.6562
32.0742
31.4963
30.9219
30.3511
29.7837
29.2198
28.659
28.1017
27.5475
26.9967
26.4491
25.9049
25.364
24.8264
24.292
23.7608
23.2328
22.7079
22.1859
21.667
21.1509
20.6377
20.1272
19.6194
19.1142
18.6116
18.1115
17.614
17.1188
16.6261
16.1357
15.6477
15.162
14.6786
14.1973
13.7183
13.2414
12.7667
12.2941
11.8236
11.355
10.8885
10.4239
9.96127
9.50049
9.04164
8.58456
8.12935
7.67584
7.22416
6.77413
6.32586
5.8792
5.43425
4.99086
4.54913
4.10893
3.67035
3.23327
2.79781
2.36387
1.93154
1.50116
1.07166
0.648149
0.203991
58.5989
57.6937
56.5301
55.4213
54.3607
53.2753
52.151
51.032
49.9689
48.9816
48.0615
47.1899
46.3532
45.5454
44.7659
44.0151
43.2926
42.596
41.9215
41.2644
40.6202
39.9847
39.3549
38.7289
38.1057
37.4851
36.8675
36.2533
35.6432
35.0377
34.437
33.8411
33.2502
32.6639
32.0819
31.5039
30.9298
30.3591
29.7918
29.2277
28.6667
28.1089
27.5543
27.0029
26.4549
25.91
25.3686
24.8305
24.2957
23.7642
23.236
22.7109
22.1889
21.6699
21.1539
20.6407
20.1303
19.6225
19.1174
18.6148
18.1147
17.6171
17.122
16.6292
16.1388
15.6507
15.1649
14.6814
14.2001
13.721
13.2441
12.7693
12.2966
11.8259
11.3574
10.8908
10.4262
9.96346
9.5027
9.04376
8.5867
8.13141
7.67793
7.22616
6.77616
6.32781
5.88117
5.43614
4.99277
4.55097
4.11079
3.67213
3.23507
2.79953
2.36558
1.93314
1.5025
1.07286
0.647382
0.206335
58.1466
57.2966
56.2295
55.2156
54.2266
53.203
52.1406
51.0758
50.0504
49.085
48.1749
47.3048
46.4623
45.6433
44.8492
44.0834
43.3472
42.6395
41.9566
41.2934
40.6446
40.0055
39.3724
38.7431
38.1166
37.4927
36.872
36.2551
35.6428
35.0357
34.434
33.8378
33.2469
32.661
32.0797
31.5025
30.9289
30.3588
29.7918
29.2279
28.6669
28.109
27.5541
27.0024
26.4539
25.9088
25.3671
24.8287
24.2938
23.7622
23.2339
22.7089
22.187
21.6681
21.1522
20.6392
20.1289
19.6213
19.1162
18.6138
18.1138
17.6163
17.1212
16.6285
16.1381
15.65
15.1643
14.6807
14.1994
13.7204
13.2434
12.7687
12.296
11.8254
11.3568
10.8903
10.4257
9.96304
9.50229
9.04341
8.58636
8.13112
7.67765
7.22593
6.77593
6.32762
5.88098
5.43599
4.99262
4.55085
4.11067
3.67205
3.23498
2.79947
2.36549
1.93304
1.50215
1.07245
0.645934
0.206987
57.8734
57.0681
56.0676
55.1313
54.2106
53.2396
52.2202
51.1914
50.1913
49.2387
48.3313
47.4569
46.6059
45.7755
44.9687
44.1899
43.4414
42.7225
42.0297
41.3577
40.7009
40.0543
39.414
38.778
38.1453
37.5158
36.8903
36.2694
35.6541
35.0447
34.4415
33.8443
33.2529
32.6667
32.0851
31.5077
30.9339
30.3635
29.7961
29.2316
28.6701
28.1115
27.5561
27.0039
26.455
25.9095
25.3675
24.829
24.294
23.7624
23.2342
22.7093
22.1875
21.6688
21.153
20.64
20.1298
19.6223
19.1173
18.6148
18.1149
17.6174
17.1222
16.6295
16.1391
15.651
15.1652
14.6817
14.2004
13.7213
13.2444
12.7696
12.297
11.8264
11.3579
10.8914
10.4268
9.96418
9.50345
9.04459
8.58755
8.13232
7.67886
7.22714
6.77714
6.32883
5.88219
5.4372
4.99383
4.55206
4.11189
3.67328
3.23624
2.80077
2.36681
1.93441
1.50363
1.07392
0.648017
0.206222
57.8471
56.8721
55.7874
54.8888
54.0372
53.1151
52.1302
51.1349
50.1671
49.2395
48.3479
47.4817
46.6338
45.8038
44.9963
44.2164
43.467
42.7469
42.0527
41.3785
40.719
40.069
39.4252
38.7855
38.1494
37.5171
36.8894
36.267
35.6508
35.041
34.4379
33.8408
33.2496
32.6634
32.0818
31.5039
30.9297
30.3584
29.7902
29.2249
28.6626
28.1033
27.5473
26.9946
26.4455
25.8999
25.358
24.8196
24.2849
23.7537
23.2258
22.7012
22.1798
21.6614
21.1459
20.6332
20.1232
19.6158
19.111
18.6086
18.1088
17.6113
17.1163
16.6236
16.1333
15.6453
15.1597
14.6763
14.1952
13.7162
13.2395
12.7649
12.2924
11.822
11.3536
10.8872
10.4228
9.96031
9.49973
9.04095
8.58404
8.12888
7.67553
7.22387
6.77397
6.3257
5.87916
5.43421
4.99094
4.54923
4.10917
3.67063
3.23373
2.79835
2.36461
1.93238
1.50221
1.07272
0.649765
0.203714
59.0075
57.5902
56.1613
55.1258
54.227
53.2677
52.2504
51.2406
50.2752
49.3562
48.4697
47.6023
46.748
45.9093
45.0921
44.3031
43.5446
42.816
42.1128
41.4297
40.7607
40.1014
39.4485
38.8006
38.1572
37.5191
36.8868
36.2613
35.6429
35.032
34.4282
33.8311
33.2397
32.6537
32.0718
31.4939
30.9192
30.3477
29.779
29.2134
28.6507
28.0914
27.5354
26.9829
26.4341
25.8891
25.3477
24.8102
24.2761
23.7457
23.2185
22.6947
22.1739
21.6561
21.1411
20.6289
20.1192
19.6122
19.1077
18.6057
18.106
17.6088
17.114
16.6216
16.1315
15.6438
15.1583
14.6752
14.1942
13.7155
13.239
12.7646
12.2923
11.8221
11.3539
10.8877
10.4234
9.96104
9.50052
9.0419
8.58503
8.13001
7.67667
7.22513
6.77523
6.32707
5.88052
5.43568
4.9924
4.5508
4.11073
3.67231
3.23541
2.80013
2.36638
1.93415
1.5037
1.07367
0.648104
0.208752
)
;

boundaryField
{
    inlet
    {
        type            zeroGradient;
    }
    outlet
    {
        type            fixedValue;
        value           uniform 0;
    }
    Wall
    {
        type            zeroGradient;
    }
}


// ************************************************************************* //
