/*--------------------------------*- C++ -*----------------------------------*\
| =========                 |                                                 |
| \\      /  F ield         | OpenFOAM: The Open Source CFD Toolbox           |
|  \\    /   O peration     | Version:  5.x                                   |
|   \\  /    A nd           | Web:      www.OpenFOAM.org                      |
|    \\/     M anipulation  |                                                 |
\*---------------------------------------------------------------------------*/
/*   Windows 32 and 64 bit porting by blueCAPE: http://www.bluecape.com.pt   *\
|  Based on Windows porting (2.0.x v4) by Symscape: http://www.symscape.com   |
\*---------------------------------------------------------------------------*/
FoamFile
{
    version     2.0;
    format      ascii;
    class       volScalarField;
    location    "50";
    object      p;
}
// * * * * * * * * * * * * * * * * * * * * * * * * * * * * * * * * * * * * * //

dimensions      [0 2 -2 0 0 0 0];

internalField   nonuniform List<scalar> 
10000
(
72.618
64.8678
59.7793
57.291
55.2304
53.1833
51.4046
49.9418
48.6947
47.5916
46.6082
45.7318
44.946
44.2319
43.5715
42.9492
42.3524
41.771
41.198
40.6284
40.0592
39.4886
38.9159
38.3407
37.7634
37.1843
36.604
36.0231
35.4421
34.8616
34.2821
33.7039
33.1275
32.5531
31.9809
31.4112
30.8441
30.2797
29.7182
29.1596
28.6039
28.0512
27.5014
26.9547
26.411
25.8703
25.3325
24.7977
24.2658
23.7369
23.2108
22.6875
22.167
21.6493
21.1343
20.622
20.1123
19.6053
19.1009
18.599
18.0996
17.6026
17.1081
16.616
16.1262
15.6388
15.1536
14.6707
14.1899
13.7114
13.235
12.7607
12.2884
11.8182
11.35
10.8838
10.4195
9.95716
9.49668
9.03806
8.58127
8.12627
7.67304
7.22156
6.77179
6.32371
5.87729
5.43251
4.98934
4.54776
4.10773
3.66924
3.23227
2.79679
2.3628
1.93021
1.49924
1.06924
0.64179
0.212347
69.4372
63.5139
59.2675
57.0632
55.1668
53.2005
51.435
49.9596
48.6985
47.5863
46.599
45.7225
44.9383
44.226
43.5672
42.9461
42.35
41.769
41.1962
40.6268
40.0576
39.4872
38.9145
38.3395
37.7622
37.1833
36.6031
36.0223
35.4415
34.8611
34.2817
33.7036
33.1272
32.5529
31.9808
31.4111
30.8441
30.2797
29.7182
29.1596
28.604
28.0512
27.5015
26.9548
26.4111
25.8704
25.3326
24.7978
24.2659
23.7369
23.2108
22.6875
22.167
21.6493
21.1343
20.622
20.1124
19.6053
19.1009
18.599
18.0996
17.6026
17.1081
16.616
16.1262
15.6387
15.1536
14.6706
14.1899
13.7114
13.2349
12.7606
12.2884
11.8182
11.35
10.8838
10.4195
9.95712
9.49665
9.03802
8.58123
8.12623
7.673
7.22152
6.77175
6.32367
5.87725
5.43247
4.9893
4.54771
4.10769
3.6692
3.23223
2.79674
2.36276
1.93016
1.49923
1.06916
0.642127
0.211917
67.8625
63.1351
59.2909
57.0421
55.165
53.2628
51.5214
50.0388
48.7665
47.6475
46.6565
45.7776
44.9908
44.275
43.6119
42.9861
42.3853
41.7998
41.2228
40.6494
40.0768
39.5031
38.9277
38.3503
37.771
37.1902
36.6085
36.0264
35.4445
34.8632
34.283
33.7043
33.1275
32.5527
31.9803
31.4104
30.8432
30.2787
29.7171
29.1584
28.6027
28.05
27.5002
26.9535
26.4098
25.8691
25.3314
24.7966
24.2647
23.7358
23.2097
22.6864
22.166
21.6483
21.1333
20.6211
20.1114
19.6044
19.1
18.5981
18.0988
17.6018
17.1074
16.6153
16.1255
15.6381
15.1529
14.67
14.1893
13.7108
13.2344
12.7601
12.2878
11.8177
11.3495
10.8833
10.419
9.95666
9.49619
9.03758
8.5808
8.12581
7.6726
7.22112
6.77136
6.32329
5.87688
5.43211
4.98895
4.54738
4.10736
3.66888
3.23191
2.79643
2.36244
1.92984
1.49896
1.06883
0.642396
0.211102
66.859
62.5193
58.9637
56.8138
55.0271
53.2199
51.5338
50.0733
48.813
47.7047
46.7227
45.8497
45.066
44.3508
43.6859
43.0567
42.4517
41.8617
41.28
40.7019
40.1247
39.5466
38.967
38.3857
37.8028
37.2189
36.6343
36.0496
35.4653
34.882
34.3
33.7197
33.1414
32.5653
31.9918
31.4208
30.8527
30.2874
29.725
29.1657
28.6094
28.0561
27.5059
26.9587
26.4146
25.8735
25.3355
24.8004
24.2682
23.739
23.2126
22.6892
22.1685
21.6506
21.1355
20.623
20.1133
19.6061
19.1016
18.5996
18.1001
17.603
17.1084
16.6163
16.1264
15.6389
15.1537
14.6707
14.1899
13.7113
13.2349
12.7605
12.2883
11.818
11.3498
10.8836
10.4193
9.95688
9.49639
9.03775
8.58094
8.12593
7.67269
7.2212
6.77142
6.32334
5.87692
5.43213
4.98896
4.54737
4.10734
3.66885
3.23187
2.79637
2.36236
1.92974
1.49884
1.06868
0.642461
0.210605
66.0635
61.8748
58.589
56.6188
54.9294
53.1904
51.5488
50.1121
48.8661
47.7701
46.7988
45.9341
45.1559
44.4429
43.7775
43.1456
42.5363
41.9411
41.3535
40.7694
40.186
39.6022
39.0171
38.4308
37.8434
37.2553
36.667
36.079
35.4919
34.9059
34.3216
33.7393
33.1592
32.5816
32.0066
31.4344
30.8652
30.2989
29.7357
29.1756
28.6185
28.0646
27.5139
26.9662
26.4217
25.8802
25.3417
24.8063
24.2738
23.7443
23.2177
22.6939
22.173
21.6549
21.1396
20.627
20.117
19.6097
19.105
18.6028
18.1032
17.606
17.1113
16.6189
16.129
15.6414
15.156
14.6729
14.1921
13.7134
13.2368
12.7624
12.29
11.8197
11.3514
10.8851
10.4207
9.9583
9.49774
9.03904
8.58217
8.12711
7.67382
7.22227
6.77245
6.32432
5.87785
5.43302
4.98981
4.54819
4.10812
3.66959
3.23257
2.79703
2.36296
1.93029
1.49925
1.06906
0.642389
0.210695
65.4538
61.3649
58.2627
56.4334
54.8205
53.1343
51.5363
50.1311
48.9072
47.8284
46.8716
46.0183
45.2479
44.5393
43.875
43.2416
42.6288
42.0286
41.4352
40.845
40.2556
39.6658
39.0752
38.4838
37.8917
37.2994
36.7074
36.116
35.5258
34.9371
34.3504
33.7659
33.1839
32.6045
32.028
31.4544
30.8839
30.3165
29.7522
29.1912
28.6333
28.0786
27.5271
26.9788
26.4336
25.8915
25.3525
24.8166
24.2837
23.7537
23.2267
22.7026
22.1813
21.6629
21.1472
20.6343
20.124
19.6164
19.1115
18.6091
18.1092
17.6118
17.1169
16.6243
16.1342
15.6464
15.1609
14.6776
14.1966
13.7178
13.2411
12.7665
12.294
11.8236
11.3552
10.8888
10.4243
9.96173
9.50107
9.04228
8.58532
8.13017
7.6768
7.22517
6.77527
6.32707
5.88054
5.43565
4.99238
4.5507
4.11058
3.67199
3.23491
2.79931
2.36517
1.93242
1.50118
1.07091
0.643397
0.211838
65.0228
60.9936
57.9839
56.2395
54.6899
53.0536
51.4973
50.1244
48.9241
47.8639
46.9223
46.0813
45.3196
44.6161
43.9537
43.3194
42.7036
42.0989
41.5003
40.9043
40.3089
39.7134
39.1173
38.5209
37.9242
37.3279
36.7322
36.1376
35.5447
34.9536
34.3648
33.7786
33.195
32.6144
32.0367
31.4622
30.8908
30.3227
29.7578
29.1962
28.6378
28.0827
27.5309
26.9822
26.4368
25.8944
25.3552
24.8191
24.286
23.7559
23.2287
22.7045
22.1831
21.6646
21.1488
20.6358
20.1254
19.6178
19.1127
18.6103
18.1103
17.6129
17.1179
16.6253
16.1351
15.6473
15.1617
14.6784
14.1974
13.7185
13.2418
12.7672
12.2946
11.8242
11.3557
10.8893
10.4248
9.9622
9.50152
9.0427
8.58572
8.13055
7.67716
7.22552
6.77561
6.3274
5.88085
5.43596
4.99268
4.551
4.11088
3.6723
3.23522
2.79963
2.36548
1.93272
1.5014
1.07109
0.643181
0.21191
64.7666
60.7846
57.8337
56.1516
54.653
53.0511
51.5193
50.1663
48.9827
47.9364
47.0069
46.176
45.422
44.7233
44.0626
43.4274
42.8083
42.1988
41.5941
40.9913
40.3889
39.7864
39.1835
38.5806
37.9781
37.3763
36.7757
36.1767
35.5797
34.9851
34.3932
33.8041
33.218
32.6351
32.0555
31.4792
30.9062
30.3367
29.7705
29.2077
28.6483
28.0923
27.5395
26.9901
26.4439
25.901
25.3612
24.8245
24.291
23.7604
23.2329
22.7083
22.1865
21.6677
21.1517
20.6384
20.1278
19.62
19.1147
18.6121
18.112
17.6144
17.1193
16.6266
16.1363
15.6483
15.1627
14.6793
14.1981
13.7192
13.2424
12.7678
12.2952
11.8247
11.3562
10.8897
10.4251
9.96253
9.50182
9.04298
8.58598
8.13079
7.67738
7.22573
6.77581
6.32759
5.88104
5.43615
4.99288
4.55121
4.11111
3.67255
3.23551
2.79996
2.36588
1.93319
1.50203
1.07172
0.644284
0.212014
64.7463
60.6092
57.5912
55.9494
54.511
52.9488
51.4432
50.113
48.9501
47.9209
47.0051
46.1851
45.4395
44.7469
44.09
43.4563
42.8371
42.2262
41.6192
41.0137
40.4084
39.8029
39.1973
38.5918
37.9869
37.383
36.7806
36.1802
35.5819
34.9863
34.3935
33.8036
33.2169
32.6335
32.0534
31.4767
30.9034
30.3335
29.7671
29.2041
28.6445
28.0882
27.5353
26.9858
26.4395
25.8964
25.3565
24.8197
24.286
23.7554
23.2278
22.7031
22.1813
21.6624
21.1464
20.633
20.1225
19.6145
19.1093
18.6066
18.1065
17.6089
17.1138
16.6211
16.1308
15.6429
15.1572
14.6739
14.1927
13.7138
13.237
12.7624
12.2899
11.8194
11.3509
10.8845
10.42
9.95742
9.49675
9.03795
8.581
8.12586
7.67251
7.22091
6.77105
6.32289
5.87641
5.43159
4.98839
4.54681
4.1068
3.66835
3.23145
2.79605
2.36218
1.9297
1.49903
1.06893
0.64331
0.210427
65.913
61.3375
57.9967
56.2159
54.7097
53.0962
51.554
50.2062
49.0413
48.0191
47.1135
46.3034
45.5653
44.8766
44.2199
43.5831
42.958
42.3392
41.7232
41.1082
40.4935
39.879
39.2647
38.651
38.0385
37.4277
36.8191
36.2132
35.6101
35.0102
34.4136
33.8204
33.2309
32.645
32.0627
31.4841
30.9092
30.338
29.7704
29.2064
28.6459
28.089
27.5355
26.9854
26.4387
25.8953
25.3551
24.8181
24.2843
23.7535
23.2258
22.7011
22.1793
21.6603
21.1442
20.6309
20.1203
19.6125
19.1072
18.6046
18.1045
17.607
17.1119
16.6193
16.129
15.6411
15.1556
14.6723
14.1912
13.7123
13.2357
12.7611
12.2886
11.8182
11.3498
10.8834
10.419
9.95648
9.49588
9.03714
8.58025
8.12517
7.67188
7.22034
6.77054
6.32244
5.87602
5.43126
4.98813
4.54662
4.1067
3.66834
3.23155
2.79628
2.36257
1.93029
1.49976
1.06994
0.643546
0.21174
69.4372
63.5139
59.2674
57.0632
55.1668
53.2005
51.435
49.9596
48.6985
47.5863
46.599
45.7225
44.9383
44.226
43.5672
42.9461
42.35
41.769
41.1962
40.6268
40.0577
39.4872
38.9145
38.3395
37.7622
37.1833
36.6031
36.0223
35.4414
34.8611
34.2816
33.7036
33.1272
32.5529
31.9808
31.4111
30.8441
30.2797
29.7182
29.1596
28.604
28.0512
27.5015
26.9548
26.4111
25.8704
25.3326
24.7978
24.2659
23.7369
23.2108
22.6875
22.167
21.6493
21.1343
20.622
20.1124
19.6053
19.1009
18.599
18.0996
17.6026
17.1081
16.616
16.1262
15.6387
15.1536
14.6706
14.1899
13.7114
13.2349
12.7606
12.2884
11.8182
11.35
10.8838
10.4195
9.95712
9.49665
9.03802
8.58123
8.12623
7.673
7.22152
6.77175
6.32367
5.87725
5.43247
4.9893
4.54771
4.10769
3.6692
3.23223
2.79674
2.36276
1.93016
1.49923
1.06916
0.642127
0.211917
66.143
62.0826
58.7823
56.889
55.1572
53.2733
51.5184
50.027
48.7511
47.6301
46.6375
45.7574
44.97
44.2542
43.5914
42.9662
42.3662
41.7819
41.2062
40.6344
40.0635
39.4917
38.918
38.3423
37.7647
37.1855
36.6052
36.0244
35.4435
34.8632
34.2838
33.7058
33.1295
32.5552
31.9831
31.4134
30.8464
30.282
29.7205
29.1618
28.6061
28.0533
27.5035
26.9568
26.413
25.8722
25.3344
24.7995
24.2675
23.7385
23.2123
22.6889
22.1684
21.6506
21.1356
20.6232
20.1135
19.6064
19.1019
18.6
18.1005
17.6036
17.109
16.6168
16.127
15.6395
15.1543
14.6714
14.1906
13.712
13.2356
12.7613
12.289
11.8188
11.3506
10.8843
10.42
9.95765
9.49716
9.03852
8.58171
8.1267
7.67346
7.22196
6.77218
6.32409
5.87766
5.43287
4.98969
4.54809
4.10806
3.66956
3.23258
2.79709
2.36309
1.93048
1.4996
1.06944
0.643232
0.211106
64.6036
61.7929
58.9246
56.9363
55.1768
53.3542
51.6402
50.1556
48.875
47.7471
46.7464
45.8576
45.0615
44.337
43.6653
43.0314
42.4231
41.8312
41.2486
40.6706
40.0942
39.5175
38.9396
38.3603
37.7795
37.1976
36.615
36.0322
35.4498
34.8681
34.2877
33.7087
33.1317
32.5567
31.9842
31.4141
30.8467
30.2821
29.7204
29.1616
28.6058
28.0529
27.5031
26.9563
26.4125
25.8717
25.3339
24.7991
24.2671
23.7381
23.2119
22.6886
22.1681
21.6503
21.1353
20.623
20.1133
19.6062
19.1017
18.5998
18.1004
17.6034
17.1089
16.6167
16.1269
15.6395
15.1543
14.6713
14.1906
13.712
13.2356
12.7612
12.289
11.8188
11.3505
10.8843
10.42
9.95765
9.49716
9.03852
8.58172
8.12671
7.67347
7.22197
6.77219
6.3241
5.87768
5.43289
4.98971
4.54812
4.10808
3.66958
3.2326
2.7971
2.3631
1.93047
1.49966
1.06943
0.644394
0.209523
63.6116
61.1633
58.5695
56.6733
55.0107
53.3016
51.6584
50.2018
48.9334
47.8152
46.8224
45.9387
45.1452
44.4211
43.7481
43.1113
42.499
41.9024
41.3148
40.7317
40.1501
39.5683
38.9856
38.4017
37.8167
37.231
36.645
36.0592
35.474
34.89
34.3074
33.7266
33.1478
32.5714
31.9975
31.4263
30.8579
30.2924
29.7298
29.1703
28.6138
28.0603
27.51
26.9627
26.4184
25.8772
25.339
24.8038
24.2716
23.7423
23.2158
22.6922
22.1715
21.6535
21.1383
20.6257
20.1159
19.6087
19.104
18.6019
18.1024
17.6053
17.1106
16.6184
16.1285
15.6409
15.1556
14.6726
14.1918
13.7131
13.2366
12.7622
12.2899
11.8196
11.3514
10.8851
10.4208
9.95835
9.49782
9.03915
8.58231
8.12727
7.674
7.22248
6.77267
6.32456
5.87811
5.4333
4.9901
4.54849
4.10844
3.66992
3.23292
2.79739
2.36336
1.9307
1.49986
1.06961
0.644917
0.208906
62.8145
60.499
58.1792
56.478
54.9202
53.282
51.6853
50.253
48.9989
47.8924
46.9091
46.0316
45.2408
44.5167
43.8414
43.2007
42.5835
41.9812
41.3876
40.7984
40.2107
39.6231
39.035
38.446
37.8565
37.2666
36.6769
36.0878
35.4997
34.913
34.3281
33.7452
33.1647
32.5867
32.0114
31.4389
30.8694
30.3029
29.7395
29.1791
28.622
28.0679
27.517
26.9693
26.4246
25.8831
25.3445
24.809
24.2765
23.7469
23.2203
22.6965
22.1755
21.6574
21.142
20.6293
20.1193
19.6119
19.1071
18.6049
18.1052
17.608
17.1132
16.6209
16.1309
15.6432
15.1578
14.6747
14.1938
13.7151
13.2385
12.764
12.2916
11.8213
11.353
10.8866
10.4222
9.95976
9.49917
9.04044
8.58355
8.12845
7.67514
7.22357
6.77372
6.32556
5.87908
5.43423
4.99099
4.54935
4.10926
3.6707
3.23366
2.79808
2.36398
1.93126
1.50023
1.06998
0.644461
0.209458
62.2037
59.9787
57.8444
56.2911
54.8106
53.2245
51.6738
50.2766
49.0467
47.9581
46.9886
46.1209
45.3361
44.6147
43.9394
43.2964
42.6753
42.068
41.4688
40.8736
40.2801
39.6868
39.0933
38.4994
37.9053
37.3114
36.7179
36.1255
35.5343
34.945
34.3576
33.7726
33.1901
32.6103
32.0334
31.4595
30.8886
30.3209
29.7564
29.1951
28.637
28.0821
27.5305
26.982
26.4367
25.8945
25.3555
24.8194
24.2864
23.7564
23.2293
22.7051
22.1838
21.6653
21.1495
20.6365
20.1262
19.6186
19.1135
18.6111
18.1111
17.6137
17.1187
16.6262
16.136
15.6482
15.1626
14.6793
14.1983
13.7194
13.2427
12.7681
12.2956
11.8251
11.3567
10.8902
10.4257
9.96315
9.50247
9.04365
8.58667
8.13149
7.6781
7.22645
6.77653
6.32831
5.88176
5.43685
4.99356
4.55186
4.11172
3.67311
3.23601
2.80037
2.36618
1.93338
1.50208
1.07178
0.644924
0.211305
61.7727
59.5997
57.5538
56.0854
54.6693
53.1359
51.6313
50.2699
49.0647
47.9941
47.0388
46.1825
45.4059
44.6892
44.0155
43.3714
42.7471
42.1352
41.5306
40.9296
40.3301
39.7312
39.1324
38.5336
37.9352
37.3374
36.7406
36.1452
35.5516
34.96
34.3707
33.784
33.2001
32.6191
32.0411
31.4662
30.8946
30.3262
29.761
29.1992
28.6407
28.0854
27.5335
26.9847
26.4392
25.8968
25.3575
24.8213
24.2881
23.758
23.2308
22.7065
22.185
21.6664
21.1506
20.6375
20.1271
19.6194
19.1143
18.6118
18.1118
17.6143
17.1193
16.6267
16.1365
15.6486
15.163
14.6797
14.1986
13.7197
13.243
12.7684
12.2958
11.8254
11.3569
10.8904
10.4259
9.96329
9.50259
9.04375
8.58676
8.13157
7.67816
7.2265
6.77658
6.32835
5.88179
5.43688
4.99359
4.55189
4.11175
3.67315
3.23605
2.80043
2.36623
1.93342
1.502
1.07169
0.644194
0.21154
61.5177
59.391
57.4066
56.0037
54.6406
53.143
51.6641
50.3231
49.1336
48.0749
47.1297
46.2819
45.5121
44.7997
44.1273
43.4818
42.8539
42.2367
41.6256
41.0175
40.4108
39.8048
39.1991
38.594
37.9898
37.3866
36.785
36.1853
35.5877
34.9926
34.4002
33.8106
33.2241
32.6408
32.0608
31.4841
30.9108
30.3409
29.7744
29.2114
28.6518
28.0955
27.5427
26.9931
26.4468
25.9038
25.3639
24.8271
24.2935
23.7628
23.2352
22.7105
22.1887
21.6698
21.1537
20.6404
20.1298
19.6218
19.1165
18.6138
18.1137
17.6161
17.1209
16.6282
16.1378
15.6498
15.1642
14.6808
14.1996
13.7206
13.2438
12.7691
12.2965
11.826
11.3575
10.891
10.4264
9.96376
9.50303
9.04417
8.58714
8.13193
7.67851
7.22684
6.7769
6.32866
5.8821
5.43719
4.9939
4.55221
4.11209
3.67352
3.23646
2.80088
2.36676
1.93402
1.5028
1.07246
0.645842
0.211088
61.4931
59.1972
57.1378
55.7787
54.4806
53.0254
51.5752
50.2607
49.0954
48.0558
47.1247
46.2876
45.5259
44.8195
44.1508
43.5071
42.8793
42.2609
41.6479
41.0374
40.4281
39.8195
39.2114
38.604
37.9976
37.3926
36.7894
36.1882
35.5895
34.9933
34.4
33.8096
33.2225
32.6386
32.0581
31.481
30.9073
30.3371
29.7704
29.2071
28.6473
28.0908
27.5378
26.988
26.4416
25.8984
25.3584
24.8215
24.2878
23.7571
23.2294
22.7046
22.1828
21.6638
21.1477
20.6343
20.1237
19.6158
19.1105
18.6078
18.1076
17.61
17.1149
16.6222
16.1318
15.6439
15.1582
14.6749
14.1937
13.7148
13.238
12.7634
12.2908
11.8203
11.3518
10.8854
10.4209
9.95828
9.49761
9.0388
8.58183
8.12668
7.67332
7.22171
6.77184
6.32367
5.87718
5.43234
4.98914
4.54754
4.10753
3.66907
3.23215
2.79674
2.36286
1.93035
1.49978
1.0696
0.646025
0.207923
62.6774
59.9326
57.5256
56.0206
54.6598
53.1554
51.6683
50.3375
49.1733
48.144
47.2256
46.3997
45.6462
44.9438
44.2754
43.6285
42.9947
42.3684
41.7461
41.126
40.5071
39.889
39.2719
38.6561
38.0419
37.4298
36.8202
36.2135
35.6097
35.0093
34.4122
33.8187
33.2288
32.6427
32.0602
31.4815
30.9065
30.3352
29.7676
29.2036
28.6432
28.0863
27.5329
26.9829
26.4363
25.893
25.3529
24.816
24.2822
23.7516
23.2239
22.6993
22.1776
21.6587
21.1427
20.6294
20.119
19.6111
19.106
18.6034
18.1034
17.6059
17.1109
16.6184
16.1282
15.6403
15.1548
14.6715
14.1905
13.7117
13.235
12.7605
12.2881
11.8177
11.3493
10.883
10.4185
9.95607
9.49549
9.03677
8.5799
8.12484
7.67156
7.22004
6.77025
6.32217
5.87577
5.43102
4.98791
4.54641
4.1065
3.66815
3.23137
2.79612
2.36244
1.93018
1.49979
1.06993
0.644909
0.209674
67.8625
63.1351
59.2908
57.0421
55.165
53.2629
51.5214
50.0388
48.7664
47.6474
46.6565
45.7776
44.9908
44.2751
43.6119
42.9861
42.3853
41.7998
41.2228
40.6494
40.0768
39.5031
38.9277
38.3503
37.771
37.1902
36.6085
36.0264
35.4445
34.8632
34.283
33.7043
33.1275
32.5527
31.9803
31.4104
30.8432
30.2787
29.7171
29.1584
28.6027
28.05
27.5002
26.9535
26.4098
25.8691
25.3314
24.7966
24.2647
23.7358
23.2097
22.6864
22.166
21.6483
21.1333
20.6211
20.1114
19.6044
19.1
18.5981
18.0988
17.6018
17.1074
16.6153
16.1255
15.6381
15.1529
14.67
14.1893
13.7108
13.2344
12.7601
12.2878
11.8177
11.3495
10.8833
10.419
9.95666
9.4962
9.03759
8.5808
8.12581
7.6726
7.22112
6.77136
6.32329
5.87688
5.43211
4.98895
4.54738
4.10736
3.66888
3.23191
2.79643
2.36244
1.92984
1.49896
1.06883
0.642395
0.211102
64.6036
61.7929
58.9245
56.9362
55.1768
53.3543
51.6402
50.1556
48.8749
47.747
46.7464
45.8576
45.0615
44.337
43.6653
43.0314
42.4231
41.8311
41.2486
40.6706
40.0942
39.5175
38.9397
38.3603
37.7795
37.1976
36.615
36.0322
35.4498
34.8681
34.2876
33.7087
33.1317
32.5567
31.9842
31.4141
30.8467
30.2821
29.7204
29.1616
28.6058
28.0529
27.5031
26.9563
26.4125
25.8717
25.3339
24.799
24.2671
23.7381
23.2119
22.6886
22.1681
21.6503
21.1353
20.623
20.1133
19.6062
19.1017
18.5998
18.1004
17.6034
17.1089
16.6167
16.1269
15.6395
15.1543
14.6713
14.1906
13.712
13.2356
12.7612
12.289
11.8188
11.3505
10.8843
10.42
9.95765
9.49716
9.03852
8.58172
8.12671
7.67347
7.22197
6.77219
6.3241
5.87768
5.43289
4.98971
4.54812
4.10808
3.66958
3.2326
2.7971
2.3631
1.93047
1.49966
1.06943
0.644393
0.209522
63.044
61.4971
59.0979
57.0073
55.2029
53.451
51.8025
50.347
49.0772
47.9508
46.9425
46.0383
45.2226
44.4771
43.7847
43.1314
42.5058
41.8989
41.3039
40.7158
40.1312
39.5479
38.9647
38.381
37.7968
37.2121
36.6272
36.0426
35.4586
34.8757
34.2941
33.7143
33.1364
32.5608
31.9877
31.4171
30.8493
30.2843
29.7223
29.1632
28.6071
28.0541
27.5041
26.9572
26.4133
25.8724
25.3345
24.7996
24.2676
23.7385
23.2124
22.689
22.1685
21.6507
21.1357
20.6233
20.1137
19.6066
19.1021
18.6002
18.1007
17.6038
17.1092
16.6171
16.1273
15.6398
15.1546
14.6717
14.1909
13.7123
13.2359
12.7616
12.2893
11.8191
11.3509
10.8847
10.4204
9.95799
9.4975
9.03886
8.58205
8.12703
7.67379
7.22229
6.77251
6.32441
5.87798
5.43319
4.99001
4.54841
4.10837
3.66986
3.23287
2.79735
2.36333
1.93067
1.49994
1.06975
0.646432
0.2065
62.0434
60.8596
58.7444
56.7442
55.0358
53.4107
51.8495
50.4308
49.1753
48.0579
47.0547
46.1511
45.3324
44.582
43.8837
43.2238
42.5913
41.9775
41.3759
40.7814
40.1908
39.602
39.0136
38.4253
37.8368
37.2482
36.66
36.0724
35.4857
34.9005
34.3169
33.7352
33.1558
32.5788
32.0043
31.4325
30.8636
30.2976
29.7346
29.1747
28.6178
28.0641
27.5134
26.9658
26.4213
25.8799
25.3416
24.8062
24.2738
23.7444
23.2179
22.6942
22.1733
21.6553
21.14
20.6274
20.1175
19.6102
19.1055
18.6034
18.1038
17.6066
17.1119
16.6196
16.1297
15.6421
15.1568
14.6737
14.1928
13.7142
13.2376
12.7632
12.2909
11.8206
11.3523
10.886
10.4217
9.95922
9.49867
9.03998
8.58312
8.12806
7.67478
7.22324
6.77342
6.32529
5.87883
5.43401
4.99079
4.54917
4.1091
3.67056
3.23352
2.79795
2.36386
1.93114
1.50029
1.07013
0.646787
0.205785
61.238
60.1803
58.3471
56.5545
54.9571
53.409
51.9013
50.5115
49.2718
48.1661
47.1713
46.2706
45.4499
44.694
43.9882
43.32
42.679
42.0569
41.4474
40.8455
40.2481
39.653
39.059
38.4656
37.8726
37.2802
36.6886
36.098
35.5089
34.9214
34.3359
33.7527
33.1718
32.5935
32.0179
31.4452
30.8753
30.3085
29.7448
29.1841
28.6267
28.0723
27.5211
26.9731
26.4282
25.8865
25.3477
24.8121
24.2794
23.7497
23.2229
22.699
22.178
21.6597
21.1442
20.6315
20.1214
19.6139
19.1091
18.6068
18.107
17.6097
17.1149
16.6225
16.1325
15.6447
15.1593
14.6761
14.1952
13.7164
13.2398
12.7653
12.2929
11.8225
11.3542
10.8878
10.4234
9.96087
9.50026
9.0415
8.58458
8.12947
7.67613
7.22454
6.77467
6.32649
5.87999
5.43512
4.99187
4.5502
4.11009
3.6715
3.2344
2.79877
2.36456
1.93172
1.50046
1.07028
0.644638
0.207979
60.6188
59.6474
58.0052
56.369
54.8511
53.3567
51.9006
50.5525
49.341
48.2543
47.272
46.378
45.5587
44.8007
44.0906
43.4169
42.7698
42.1415
41.5257
40.9178
40.3146
39.714
39.115
38.5169
37.9197
37.3234
36.7283
36.1347
35.5428
34.9529
34.3652
33.7799
33.1973
32.6173
32.0402
31.4661
30.895
30.327
29.7621
29.2005
28.6421
28.0869
27.535
26.9863
26.4407
25.8984
25.3591
24.8229
24.2898
23.7596
23.2324
22.7081
22.1867
21.6681
21.1522
20.6391
20.1287
19.621
19.1158
18.6133
18.1133
17.6158
17.1207
16.6281
16.1378
15.6499
15.1643
14.681
14.1999
13.7209
13.2442
12.7695
12.297
11.8265
11.358
10.8916
10.427
9.96442
9.5037
9.04486
8.58785
8.13265
7.67923
7.22756
6.77761
6.32937
5.8828
5.43787
4.99455
4.55283
4.11265
3.67401
3.23684
2.80112
2.36678
1.9338
1.50202
1.07175
0.643202
0.211927
60.1812
59.2586
57.7058
56.1569
54.7045
53.2662
51.8627
50.5565
49.3726
48.3032
47.3326
46.4468
45.6326
44.8767
44.1663
43.4902
42.8392
42.2059
41.5844
40.9704
40.3613
39.755
39.1507
38.548
37.9466
37.3467
36.7486
36.1523
35.5582
34.9664
34.3771
33.7905
33.2066
32.6256
32.0475
31.4726
30.9007
30.3321
29.7667
29.2046
28.6458
28.0903
27.538
26.989
26.4433
25.9007
25.3613
24.8249
24.2916
23.7614
23.234
22.7096
22.1881
21.6694
21.1534
20.6403
20.1298
19.6219
19.1167
18.6141
18.114
17.6165
17.1214
16.6287
16.1384
15.6504
15.1648
14.6814
14.2002
13.7213
13.2445
12.7698
12.2972
11.8267
11.3582
10.8917
10.4271
9.96451
9.50378
9.04491
8.58788
8.13266
7.67922
7.22754
6.77759
6.32933
5.88275
5.43782
4.9945
4.55278
4.11261
3.67396
3.2368
2.80108
2.3667
1.93369
1.50168
1.07138
0.641487
0.213104
59.921
59.0429
57.5539
56.0742
54.6781
53.2796
51.907
50.6252
49.4579
48.3984
47.4341
46.5533
45.7428
44.9888
44.2782
43.5997
42.9444
42.3052
41.6769
41.0555
40.4388
39.8253
39.2141
38.605
37.998
37.393
36.7903
36.1899
35.5922
34.9971
34.4049
33.8155
33.2293
32.6461
32.0661
31.4894
30.916
30.3459
29.7793
29.216
28.6562
28.0997
27.5467
26.9969
26.4505
25.9073
25.3673
24.8304
24.2967
23.766
23.2383
22.7135
22.1916
21.6726
21.1564
20.643
20.1323
19.6243
19.1189
18.6161
18.1159
17.6182
17.1229
16.6301
16.1397
15.6517
15.1659
14.6825
14.2012
13.7222
13.2454
12.7706
12.298
11.8274
11.3589
10.8923
10.4277
9.96503
9.50426
9.04536
8.5883
8.13306
7.6796
7.2279
6.77794
6.32967
5.88309
5.43815
4.99484
4.55312
4.11296
3.67435
3.23722
2.80156
2.36728
1.93436
1.50267
1.07241
0.644098
0.2113
59.8945
58.8442
57.2775
55.842
54.5103
53.1521
51.8088
50.558
49.4206
48.3841
47.4352
46.5644
45.7609
45.0116
44.3037
43.6262
42.9704
42.3297
41.6991
41.0753
40.4561
39.8401
39.2267
38.6156
38.0068
37.4003
36.7962
36.1946
35.5958
34.9997
34.4065
33.8163
33.2292
32.6454
32.0648
31.4875
30.9136
30.3432
29.7762
29.2126
28.6525
28.0957
27.5424
26.9924
26.4458
25.9023
25.3621
24.8251
24.2911
23.7602
23.2324
22.7074
22.1854
21.6663
21.15
20.6365
20.1257
19.6176
19.1122
18.6094
18.1091
17.6114
17.1162
16.6234
16.133
15.6449
15.1592
14.6758
14.1946
13.7156
13.2387
12.764
12.2914
11.8209
11.3524
10.8859
10.4213
9.95873
9.49802
9.03919
8.5822
8.12703
7.67364
7.22202
6.77213
6.32394
5.87744
5.4326
4.98939
4.54778
4.10775
3.66928
3.23234
2.7969
2.36297
1.93043
1.49985
1.06993
0.647871
0.204057
61.0709
59.5613
57.6319
56.0534
54.6707
53.2682
51.8862
50.6167
49.4793
48.4516
47.5131
46.6513
45.8543
45.1088
44.402
43.723
43.0635
42.4174
41.7803
41.1493
40.5225
39.8989
39.2781
38.66
38.0445
37.4317
36.822
36.2153
35.6119
35.0117
34.4149
33.8216
33.2319
32.6457
32.0632
31.4843
30.9091
30.3376
29.7698
29.2055
28.6449
28.0878
27.5342
26.984
26.4371
25.8936
25.3534
24.8163
24.2824
23.7516
23.2238
22.699
22.1771
21.6582
21.142
20.6287
20.1181
19.6102
19.105
18.6024
18.1024
17.6048
17.1098
16.6172
16.127
15.6392
15.1536
14.6704
14.1894
13.7105
13.2339
12.7594
12.2869
11.8166
11.3482
10.8819
10.4175
9.95499
9.49443
9.03573
8.57888
8.12383
7.67058
7.21908
6.76931
6.32125
5.87487
5.43015
4.98706
4.54558
4.10569
3.66738
3.23062
2.79541
2.36178
1.9296
1.49949
1.0698
0.646792
0.205848
66.859
62.5193
58.9636
56.8137
55.0272
53.2201
51.5338
50.0733
48.813
47.7047
46.7226
45.8497
45.066
44.3508
43.6859
43.0567
42.4517
41.8617
41.28
40.7019
40.1247
39.5466
38.967
38.3857
37.8029
37.2189
36.6343
36.0496
35.4653
34.882
34.3
33.7196
33.1413
32.5653
31.9918
31.4208
30.8527
30.2874
29.725
29.1657
28.6094
28.0561
27.5059
26.9587
26.4146
25.8735
25.3354
24.8003
24.2682
23.739
23.2126
22.6892
22.1685
21.6506
21.1355
20.623
20.1133
19.6061
19.1016
18.5996
18.1001
17.603
17.1084
16.6163
16.1264
15.6389
15.1537
14.6707
14.1899
13.7113
13.2349
12.7605
12.2883
11.818
11.3498
10.8836
10.4193
9.95688
9.49639
9.03775
8.58094
8.12593
7.67269
7.2212
6.77142
6.32334
5.87692
5.43213
4.98896
4.54737
4.10734
3.66885
3.23187
2.79637
2.36236
1.92974
1.49884
1.06868
0.642461
0.210605
63.6116
61.1633
58.5694
56.6732
55.0108
53.3018
51.6585
50.2017
48.9333
47.8151
46.8224
45.9387
45.1452
44.4212
43.7481
43.1112
42.4989
41.9023
41.3148
40.7317
40.1501
39.5683
38.9856
38.4017
37.8167
37.231
36.645
36.0592
35.474
34.89
34.3073
33.7265
33.1478
32.5714
31.9975
31.4263
30.8579
30.2924
29.7298
29.1703
28.6138
28.0604
27.51
26.9627
26.4184
25.8772
25.339
24.8038
24.2716
23.7422
23.2158
22.6922
22.1715
21.6535
21.1383
20.6257
20.1159
19.6087
19.104
18.6019
18.1024
17.6053
17.1106
16.6184
16.1285
15.6409
15.1556
14.6726
14.1918
13.7131
13.2366
12.7622
12.2899
11.8196
11.3514
10.8851
10.4208
9.95835
9.49782
9.03915
8.58231
8.12727
7.674
7.22248
6.77267
6.32456
5.87811
5.4333
4.9901
4.54849
4.10844
3.66992
3.23292
2.79739
2.36336
1.9307
1.49986
1.06961
0.644917
0.208905
62.0434
60.8596
58.7443
56.7442
55.0358
53.4109
51.8496
50.4308
49.1752
48.0577
47.0547
46.1511
45.3325
44.5821
43.8837
43.2237
42.5912
41.9775
41.3758
40.7814
40.1908
39.602
39.0137
38.4253
37.8368
37.2483
36.66
36.0724
35.4857
34.9005
34.3169
33.7352
33.1558
32.5787
32.0043
31.4325
30.8636
30.2976
29.7346
29.1747
28.6178
28.0641
27.5134
26.9658
26.4214
25.8799
25.3416
24.8062
24.2738
23.7444
23.2179
22.6942
22.1733
21.6553
21.14
20.6274
20.1175
19.6102
19.1055
18.6034
18.1038
17.6066
17.1119
16.6196
16.1297
15.6421
15.1568
14.6737
14.1928
13.7142
13.2376
12.7632
12.2909
11.8206
11.3523
10.886
10.4217
9.95922
9.49867
9.03998
8.58312
8.12806
7.67478
7.22324
6.77342
6.32529
5.87883
5.434
4.99079
4.54917
4.1091
3.67056
3.23352
2.79795
2.36386
1.93114
1.50029
1.07013
0.646786
0.205785
61.0412
60.2315
58.4056
56.4894
54.871
53.3783
51.9146
50.5383
49.298
48.1885
47.1885
46.282
45.4556
44.6954
43.987
43.3175
42.6764
42.0551
41.4468
40.8465
40.2507
39.657
39.0641
38.4715
37.8791
37.287
36.6954
36.1049
35.5157
34.9282
34.3426
33.7592
33.1782
32.5998
32.024
31.4511
30.881
30.314
29.75
29.1891
28.6313
28.0767
27.5252
26.9769
26.4318
25.8897
25.3508
24.8149
24.2821
23.7522
23.2253
22.7012
22.1801
21.6617
21.1461
20.6332
20.123
19.6155
19.1105
18.6082
18.1083
17.611
17.1161
16.6236
16.1335
15.6457
15.1602
14.677
14.196
13.7172
13.2406
12.766
12.2936
11.8232
11.3548
10.8884
10.424
9.96144
9.50081
9.04204
8.58511
8.12998
7.67662
7.22502
6.77514
6.32696
5.88045
5.43557
4.99232
4.55064
4.11052
3.67192
3.2348
2.79914
2.3649
1.93202
1.50077
1.07059
0.64544
0.206902
60.234
59.5531
58.011
56.3031
54.7967
53.3855
51.9819
50.6388
49.4158
48.3187
47.3269
46.4215
45.5895
44.8191
44.0987
43.417
42.7644
42.1327
41.5152
40.9068
40.3039
39.7039
39.1055
38.508
37.9112
37.3153
36.7205
36.1272
35.5357
34.9463
34.3591
33.7745
33.1925
32.6132
32.0366
31.463
30.8923
30.3247
29.7601
29.1986
28.6403
28.0852
27.5333
26.9845
26.439
25.8966
25.3574
24.8212
24.2882
23.7581
23.2309
22.7067
22.1853
21.6668
21.151
20.638
20.1277
19.62
19.1149
18.6123
18.1124
17.6149
17.1198
16.6272
16.137
15.6491
15.1635
14.6802
14.1991
13.7202
13.2434
12.7688
12.2963
11.8258
11.3573
10.8909
10.4263
9.96375
9.50305
9.04421
8.58721
8.13201
7.67859
7.22693
6.77699
6.32875
5.88219
5.43726
4.99395
4.55222
4.11203
3.67336
3.23615
2.80037
2.36591
1.93278
1.50067
1.0703
0.639934
0.212681
59.6112
59.0187
57.6715
56.1236
54.6975
53.3415
51.9934
50.6959
49.5033
48.4257
47.4456
46.5448
45.7108
44.934
44.2051
43.5145
42.8535
42.214
41.5896
40.975
40.3664
39.7613
39.1582
38.5563
37.9555
37.356
36.758
36.1618
35.5678
34.9761
34.3871
33.8007
33.2171
32.6363
32.0584
31.4836
30.9117
30.3429
29.7773
29.2148
28.6556
28.0996
27.5469
26.9975
26.4513
25.9083
25.3685
24.8319
24.2983
23.7678
23.2403
22.7157
22.194
21.6751
21.1591
20.6457
20.1351
19.6271
19.1217
18.619
18.1188
17.621
17.1258
16.633
16.1426
15.6545
15.1687
14.6852
14.204
13.7249
13.2481
12.7733
12.3007
11.8301
11.3615
10.8949
10.4303
9.9676
9.50681
9.04788
8.59079
8.13551
7.68202
7.23028
6.78027
6.33196
5.88533
5.44034
4.99696
4.55517
4.11492
3.67617
3.23887
2.80296
2.36828
1.93488
1.50185
1.07122
0.635591
0.219857
59.1699
58.6286
57.373
55.9134
54.5529
53.2545
51.963
50.7113
49.5479
48.4867
47.5165
46.6215
45.7901
45.0132
44.2821
43.5878
42.9218
42.2767
41.6461
41.0251
40.4103
39.7992
39.1906
38.5838
37.9789
37.3758
36.7748
36.1763
35.5803
34.987
34.3967
33.8092
33.2246
32.643
32.0645
31.4889
30.9164
30.3471
29.781
29.2181
28.6586
28.1023
27.5493
26.9996
26.4532
25.9101
25.3702
24.8335
24.2998
23.7692
23.2416
22.717
22.1952
21.6763
21.1601
20.6467
20.136
19.628
19.1226
18.6197
18.1195
17.6217
17.1264
16.6335
16.1431
15.6549
15.1691
14.6856
14.2043
13.7252
13.2483
12.7735
12.3009
11.8302
11.3616
10.895
10.4304
9.96768
9.50687
9.04792
8.59081
8.13551
7.68201
7.23025
6.78024
6.33192
5.88528
5.44028
4.99691
4.55511
4.11486
3.67611
3.23881
2.80288
2.36813
1.93463
1.50121
1.07049
0.632643
0.222286
58.9061
58.4103
57.2203
55.8319
54.5299
53.2746
52.0177
50.7932
49.6469
48.5937
47.6267
46.7335
45.9034
45.1266
44.394
43.6964
43.0256
42.374
41.736
41.1069
40.484
39.8651
39.2493
38.6362
38.0256
37.4177
36.8126
36.2104
35.6112
35.0151
34.4221
33.8322
33.2455
32.6619
32.0814
31.5041
30.9301
30.3594
29.792
29.2281
28.6675
28.1104
27.5566
27.0063
26.4594
25.9157
25.3753
24.8381
24.3041
23.7731
23.2452
22.7202
22.1981
21.6789
21.1625
20.6489
20.138
19.6298
19.1243
18.6213
18.1209
17.623
17.1277
16.6347
16.1442
15.656
15.1701
14.6865
14.2052
13.7261
13.2491
12.7743
12.3015
11.8309
11.3622
10.8956
10.4309
9.96816
9.50732
9.04835
8.59122
8.13591
7.68239
7.23062
6.78059
6.33226
5.88562
5.44062
4.99726
4.55547
4.11525
3.67653
3.23928
2.80342
2.36881
1.93547
1.50251
1.07194
0.636071
0.21941
58.8781
58.2097
56.9394
55.5942
54.3569
53.142
51.9158
50.7259
49.6132
48.5853
47.6339
46.7499
45.9256
45.1529
44.4227
43.7257
43.0541
42.4006
41.7599
41.1278
40.5018
39.8801
39.2618
38.6467
38.0345
37.4252
36.8191
36.2159
35.6159
35.0189
34.425
33.8342
33.2465
32.662
32.0807
31.5026
30.9279
30.3566
29.7887
29.2243
28.6634
28.106
27.552
27.0015
26.4543
25.9104
25.3698
24.8324
24.2981
23.7669
23.2388
22.7136
22.1913
21.6719
21.1554
20.6417
20.1307
19.6224
19.1168
18.6137
18.1133
17.6154
17.1201
16.6271
16.1366
15.6484
15.1626
14.679
14.1977
13.7186
13.2417
12.7669
12.2942
11.8236
11.355
10.8884
10.4237
9.96104
9.50026
9.04134
8.58429
8.12904
7.67559
7.22389
6.77395
6.32571
5.87916
5.43425
4.991
4.54933
4.10926
3.67071
3.23371
2.79816
2.36408
1.93138
1.50028
1.07045
0.645103
0.206593
60.0474
58.9222
57.2913
55.8072
54.5209
53.2587
51.9896
50.78
49.6687
48.6504
47.7086
46.8315
46.0114
45.2405
44.5099
43.8107
43.1348
42.4756
41.8279
41.1882
40.5542
39.9246
39.2988
38.6766
38.058
37.4429
36.8316
36.2238
35.6198
35.0192
34.4222
33.8288
33.2388
32.6524
32.0695
31.4903
30.9146
30.3427
29.7744
29.2098
28.6489
28.0915
27.5377
26.9873
26.4404
25.8968
25.3564
24.8193
24.2853
23.7543
23.2264
22.7015
22.1795
21.6604
21.1442
20.6307
20.12
19.612
19.1067
18.604
18.1039
17.6063
17.1112
16.6185
16.1283
15.6403
15.1548
14.6715
14.1904
13.7115
13.2348
12.7602
12.2877
11.8173
11.3489
10.8825
10.4181
9.95553
9.49492
9.03617
8.57928
8.12419
7.6709
7.21935
6.76956
6.32146
5.87506
5.43031
4.9872
4.5457
4.1058
3.66747
3.23072
2.7955
2.3619
1.9298
1.49988
1.07041
0.648409
0.203593
66.0635
61.8748
58.589
56.6187
54.9295
53.1905
51.5489
50.112
48.8661
47.77
46.7988
45.9341
45.1558
44.4429
43.7775
43.1456
42.5363
41.9411
41.3535
40.7694
40.186
39.6022
39.0171
38.4308
37.8434
37.2553
36.667
36.079
35.4918
34.9059
34.3216
33.7393
33.1592
32.5816
32.0066
31.4344
30.8652
30.2989
29.7357
29.1756
28.6185
28.0647
27.5139
26.9662
26.4217
25.8802
25.3417
24.8063
24.2738
23.7443
23.2177
22.6939
22.173
21.6549
21.1396
20.627
20.117
19.6097
19.105
18.6028
18.1032
17.606
17.1113
16.6189
16.129
15.6414
15.156
14.6729
14.1921
13.7134
13.2368
12.7624
12.29
11.8197
11.3514
10.8851
10.4207
9.9583
9.49774
9.03904
8.58217
8.12711
7.67382
7.22227
6.77245
6.32431
5.87785
5.43302
4.98981
4.54819
4.10812
3.66959
3.23257
2.79703
2.36296
1.93029
1.49925
1.06906
0.642389
0.210694
62.8145
60.499
58.1792
56.478
54.9203
53.2822
51.6854
50.253
48.9987
47.8923
46.9091
46.0316
45.2409
44.5168
43.8414
43.2006
42.5834
41.9811
41.3876
40.7983
40.2107
39.6232
39.035
38.4461
37.8565
37.2666
36.6769
36.0878
35.4997
34.913
34.3281
33.7452
33.1647
32.5867
32.0114
31.439
30.8694
30.3029
29.7395
29.1792
28.622
28.0679
27.5171
26.9693
26.4246
25.8831
25.3445
24.809
24.2765
23.7469
23.2203
22.6965
22.1755
21.6574
21.142
20.6293
20.1193
19.6119
19.1071
18.6049
18.1052
17.608
17.1132
16.6209
16.1309
15.6432
15.1578
14.6747
14.1938
13.7151
13.2385
12.764
12.2916
11.8213
11.353
10.8866
10.4222
9.95976
9.49917
9.04044
8.58355
8.12845
7.67514
7.22357
6.77372
6.32556
5.87908
5.43423
4.99099
4.54935
4.10926
3.67071
3.23366
2.79809
2.36398
1.93127
1.50023
1.06998
0.644461
0.209458
61.238
60.1803
58.347
56.5544
54.9572
53.4092
51.9015
50.5114
49.2715
48.1659
47.1712
46.2707
45.4501
44.6941
43.9883
43.32
42.6789
42.0568
41.4472
40.8454
40.248
39.653
39.0591
38.4657
37.8727
37.2803
36.6886
36.098
35.5088
34.9214
34.3359
33.7526
33.1718
32.5935
32.0179
31.4452
30.8754
30.3085
29.7448
29.1842
28.6267
28.0723
27.5212
26.9731
26.4282
25.8865
25.3477
24.8121
24.2794
23.7497
23.2229
22.699
22.178
21.6597
21.1442
20.6315
20.1214
19.6139
19.1091
18.6068
18.107
17.6097
17.1149
16.6225
16.1325
15.6447
15.1593
14.6761
14.1952
13.7164
13.2398
12.7653
12.2929
11.8225
11.3542
10.8878
10.4234
9.96087
9.50026
9.0415
8.58458
8.12947
7.67613
7.22454
6.77467
6.32649
5.87999
5.43512
4.99187
4.5502
4.11009
3.6715
3.2344
2.79877
2.36456
1.93172
1.50046
1.07028
0.644638
0.207979
60.234
59.5531
58.011
56.3031
54.7968
53.3857
51.982
50.6387
49.4156
48.3185
47.3268
46.4216
45.5897
44.8193
44.0988
43.417
42.7643
42.1326
41.5151
40.9067
40.3038
39.7039
39.1056
38.5081
37.9113
37.3154
36.7206
36.1272
35.5357
34.9462
34.3591
33.7745
33.1924
32.6131
32.0366
31.463
30.8923
30.3247
29.7601
29.1987
28.6403
28.0852
27.5333
26.9846
26.439
25.8966
25.3574
24.8212
24.2881
23.7581
23.2309
22.7067
22.1853
21.6668
21.151
20.638
20.1277
19.62
19.1149
18.6123
18.1124
17.6149
17.1198
16.6272
16.137
15.6491
15.1635
14.6802
14.1991
13.7202
13.2434
12.7688
12.2963
11.8258
11.3573
10.8909
10.4264
9.96375
9.50305
9.04421
8.58721
8.13201
7.67859
7.22693
6.77699
6.32875
5.88218
5.43726
4.99395
4.55222
4.11203
3.67336
3.23615
2.80037
2.36591
1.93278
1.50067
1.0703
0.639934
0.212682
59.426
58.873
57.6113
56.1123
54.7225
53.3999
52.0629
50.7565
49.552
48.4677
47.4842
46.5792
45.739
44.9546
44.2179
43.5202
42.8531
42.209
41.5811
40.964
40.3537
39.7473
39.1432
38.5406
37.9393
37.3393
36.741
36.1449
35.5511
34.9599
34.3715
33.786
33.2033
32.6236
32.0468
31.4729
30.9019
30.334
29.7691
29.2073
28.6486
28.093
27.5407
26.9916
26.4457
25.903
25.3635
24.8271
24.2938
23.7636
23.2363
22.7119
22.1904
21.6718
21.1559
20.6428
20.1323
19.6245
19.1193
18.6166
18.1165
17.6189
17.1238
16.6311
16.1407
15.6527
15.167
14.6836
14.2024
13.7234
13.2466
12.7719
12.2992
11.8287
11.3602
10.8936
10.429
9.96636
9.50559
9.04668
8.58962
8.13435
7.68088
7.22915
6.77916
6.33086
5.88424
5.43927
4.9959
4.55411
4.11386
3.67509
3.23776
2.80179
2.367
1.93344
1.49994
1.06912
0.630471
0.222334
58.8012
58.3359
57.2685
55.9319
54.6266
53.363
52.0851
50.8268
49.6538
48.5895
47.6178
46.7164
45.8721
45.0782
44.3296
43.6199
42.942
42.2885
41.6529
41.0293
40.4133
39.8019
39.1932
38.5862
37.9808
37.3772
36.7756
36.1765
35.5803
34.9869
34.3968
33.8097
33.2257
32.6448
32.0669
31.492
30.9201
30.3512
29.7854
29.2226
28.6631
28.1067
27.5536
27.0038
26.4572
25.9139
25.3739
24.837
24.3033
23.7726
23.245
22.7203
22.1985
21.6796
21.1634
20.65
20.1393
19.6312
19.1258
18.6229
18.1226
17.6248
17.1295
16.6365
16.146
15.6579
15.172
14.6884
14.2071
13.728
13.251
12.7762
12.3035
11.8328
11.3642
10.8976
10.4329
9.97014
9.5093
9.05031
8.59318
8.13783
7.6843
7.2325
6.78245
6.33409
5.88742
5.44237
4.99895
4.55709
4.11678
3.67793
3.24049
2.80435
2.36924
1.93525
1.50044
1.06919
0.623754
0.231543
58.3575
57.9439
56.9681
55.7203
54.4816
53.2778
52.0594
50.8498
49.7075
48.6599
47.6975
46.8009
45.9577
45.1618
44.4089
43.6937
43.0096
42.3495
41.7071
41.0768
40.4543
39.8368
39.2226
38.6108
38.0013
37.3943
36.7899
36.1887
35.5906
34.996
34.4047
33.8167
33.232
32.6504
32.0719
31.4964
30.9239
30.3545
29.7882
29.2251
28.6652
28.1085
27.5552
27.0052
26.4585
25.9152
25.375
24.8381
24.3043
23.7736
23.2459
22.7212
22.1993
21.6803
21.1641
20.6506
20.1399
19.6317
19.1262
18.6233
18.1229
17.6251
17.1297
16.6367
16.1462
15.658
15.1721
14.6885
14.2071
13.7279
13.251
12.7761
12.3034
11.8327
11.364
10.8974
10.4327
9.96993
9.50906
9.05006
8.59291
8.13756
7.68401
7.23221
6.78215
6.33379
5.88711
5.44208
4.99866
4.55681
4.11649
3.67765
3.24019
2.80402
2.3688
1.93466
1.49931
1.06794
0.620053
0.234284
58.0909
57.7226
56.8124
55.6372
54.4595
53.3017
52.1209
50.9409
49.8167
48.7766
47.8158
46.9194
46.0757
45.2785
44.5228
43.8033
43.113
42.4455
41.7945
41.155
40.5236
39.8976
39.2759
38.6576
38.0427
37.4312
36.8233
36.2191
35.6185
35.0216
34.4282
33.8382
33.2514
32.6679
32.0874
31.5102
30.9361
30.3652
29.7976
29.2334
28.6725
28.1151
27.5612
27.0106
26.4635
25.9197
25.3792
24.8419
24.3078
23.7768
23.2489
22.7238
22.2017
21.6825
21.1661
20.6524
20.1414
19.6332
19.1275
18.6245
18.124
17.6261
17.1306
16.6376
16.147
15.6587
15.1728
14.6892
14.2078
13.7286
13.2516
12.7767
12.3039
11.8332
11.3645
10.8979
10.4331
9.97035
9.50946
9.05045
8.59327
8.13792
7.68435
7.23255
6.78248
6.33412
5.88744
5.44241
4.999
4.55717
4.11688
3.67809
3.2407
2.80463
2.36959
1.93568
1.50088
1.06973
0.623696
0.231138
58.0619
57.5205
56.5275
55.3943
54.2828
53.1666
52.0176
50.8736
49.7847
48.7702
47.8245
46.9362
46.0978
45.3048
44.5522
43.8341
43.1436
42.4743
41.8204
41.1773
40.542
39.9124
39.2875
38.6668
38.0502
37.4377
36.8291
36.2245
35.6236
35.0262
34.4322
33.8414
33.2537
32.6692
32.0877
31.5094
30.9344
30.3628
29.7945
29.2297
28.6685
28.1108
27.5566
27.0059
26.4585
25.9146
25.3739
24.8364
24.3021
23.7708
23.2426
22.7173
22.1949
21.6754
21.1587
20.6448
20.1337
19.6253
19.1195
18.6164
18.1159
17.6179
17.1224
16.6294
16.1388
15.6506
15.1647
14.6811
14.1997
13.7205
13.2436
12.7687
12.296
11.8253
11.3567
10.89
10.4253
9.9626
9.50177
9.04281
8.58571
8.13042
7.67693
7.2252
6.77522
6.32695
5.88036
5.43544
4.99215
4.55045
4.11034
3.67175
3.23466
2.79902
2.36471
1.93174
1.49952
1.06953
0.636543
0.214511
59.227
58.2327
56.8787
55.6029
54.4398
53.2756
52.0851
50.9245
49.8397
48.8353
47.8965
47.0109
46.1728
45.3789
44.6248
43.9044
43.2106
42.5367
41.8769
41.2269
40.5841
39.947
39.3149
38.6876
38.065
37.4473
36.8342
36.2257
35.6214
35.0211
34.4244
33.8314
33.2417
32.6554
32.0726
31.4932
30.9173
30.3451
29.7765
29.2117
28.6505
28.093
27.5391
26.9888
26.4418
25.8983
25.358
24.8209
24.2869
23.7559
23.228
22.703
22.1809
21.6617
21.1453
20.6318
20.121
19.6129
19.1075
18.6047
18.1045
17.6069
17.1118
16.6192
16.1289
15.641
15.1554
14.6721
14.1911
13.7122
13.2355
12.7609
12.2884
11.818
11.3495
10.8831
10.4186
9.95612
9.49547
9.03672
8.57979
8.1247
7.67137
7.21983
6.77
6.32191
5.87549
5.43074
4.98761
4.54613
4.10621
3.66789
3.23112
2.79593
2.36231
1.93027
1.50027
1.07093
0.64797
0.203958
65.4538
61.3649
58.2627
56.4334
54.8206
53.1343
51.5363
50.1311
48.9071
47.8284
46.8716
46.0183
45.2479
44.5393
43.875
43.2416
42.6288
42.0286
41.4352
40.845
40.2556
39.6658
39.0752
38.4838
37.8917
37.2994
36.7074
36.116
35.5257
34.9371
34.3504
33.7659
33.1839
32.6045
32.028
31.4544
30.8839
30.3165
29.7523
29.1912
28.6333
28.0786
27.5271
26.9788
26.4336
25.8915
25.3525
24.8166
24.2837
23.7537
23.2267
22.7026
22.1813
21.6629
21.1472
20.6343
20.124
19.6164
19.1115
18.609
18.1092
17.6118
17.1169
16.6243
16.1342
15.6464
15.1609
14.6776
14.1966
13.7178
13.2411
12.7665
12.294
11.8236
11.3552
10.8888
10.4243
9.96173
9.50107
9.04228
8.58532
8.13017
7.6768
7.22517
6.77527
6.32707
5.88054
5.43565
4.99238
4.5507
4.11058
3.67199
3.23492
2.79931
2.36517
1.93242
1.50118
1.07091
0.643397
0.211837
62.2037
59.9787
57.8445
56.2911
54.8106
53.2246
51.6738
50.2765
49.0465
47.958
46.9886
46.121
45.3362
44.6148
43.9394
43.2963
42.6752
42.0679
41.4688
40.8736
40.2801
39.6869
39.0934
38.4995
37.9054
37.3114
36.7179
36.1254
35.5343
34.9449
34.3576
33.7726
33.1901
32.6103
32.0334
31.4595
30.8886
30.3209
29.7564
29.1951
28.637
28.0821
27.5305
26.982
26.4367
25.8945
25.3554
24.8194
24.2864
23.7564
23.2293
22.7051
22.1838
21.6653
21.1495
20.6365
20.1262
19.6186
19.1135
18.6111
18.1111
17.6137
17.1187
16.6262
16.136
15.6482
15.1626
14.6793
14.1983
13.7194
13.2427
12.7681
12.2956
11.8251
11.3567
10.8902
10.4257
9.96315
9.50247
9.04365
8.58667
8.13149
7.6781
7.22645
6.77653
6.32831
5.88176
5.43685
4.99356
4.55186
4.11172
3.67311
3.23601
2.80038
2.36619
1.93339
1.50208
1.07178
0.644925
0.211304
60.6189
59.6474
58.0053
56.3689
54.8511
53.3568
51.9007
50.5523
49.3407
48.2541
47.2719
46.3781
45.559
44.8009
44.0907
43.4169
42.7697
42.1413
41.5255
40.9177
40.3145
39.7141
39.1151
38.517
37.9198
37.3235
36.7284
36.1347
35.5428
34.9528
34.3651
33.7799
33.1972
32.6173
32.0402
31.4661
30.895
30.327
29.7622
29.2006
28.6422
28.087
27.535
26.9863
26.4407
25.8984
25.3591
24.8229
24.2898
23.7596
23.2324
22.7081
22.1867
21.6681
21.1522
20.6391
20.1287
19.621
19.1158
18.6133
18.1133
17.6158
17.1207
16.6281
16.1378
15.6499
15.1643
14.681
14.1999
13.7209
13.2442
12.7696
12.297
11.8265
11.358
10.8916
10.427
9.96442
9.5037
9.04486
8.58785
8.13264
7.67922
7.22756
6.77761
6.32937
5.8828
5.43787
4.99455
4.55283
4.11265
3.67401
3.23684
2.80112
2.36678
1.9338
1.50202
1.07175
0.643203
0.211927
59.6112
59.0188
57.6716
56.1235
54.6975
53.3416
51.9935
50.6957
49.5029
48.4254
47.4456
46.5451
45.7112
44.9344
44.2053
43.5146
42.8533
42.2137
41.5893
40.9748
40.3663
39.7613
39.1583
38.5565
37.9557
37.3562
36.7581
36.1619
35.5678
34.9761
34.387
33.8006
33.217
32.6362
32.0584
31.4835
30.9117
30.3429
29.7773
29.2149
28.6557
28.0997
27.547
26.9975
26.4513
25.9083
25.3685
24.8319
24.2983
23.7678
23.2403
22.7157
22.194
21.6751
21.159
20.6457
20.1351
19.6271
19.1217
18.619
18.1188
17.621
17.1258
16.633
16.1426
15.6545
15.1687
14.6853
14.204
13.7249
13.2481
12.7733
12.3007
11.8301
11.3615
10.8949
10.4303
9.96761
9.50681
9.04788
8.59079
8.13551
7.68202
7.23028
6.78027
6.33196
5.88533
5.44034
4.99696
4.55517
4.11492
3.67617
3.23887
2.80296
2.36828
1.93488
1.50185
1.07122
0.635593
0.219859
58.8012
58.3359
57.2685
55.9318
54.6265
53.3631
52.0852
50.8267
49.6536
48.5893
47.6178
46.7166
45.8724
45.0785
44.3297
43.6199
42.9418
42.2883
41.6526
41.0291
40.4132
39.8018
39.1932
38.5863
37.981
37.3773
36.7758
36.1766
35.5803
34.9869
34.3967
33.8096
33.2257
32.6447
32.0669
31.492
30.9201
30.3512
29.7854
29.2227
28.6631
28.1068
27.5537
27.0038
26.4573
25.914
25.3739
24.837
24.3033
23.7726
23.245
22.7203
22.1985
21.6796
21.1634
20.65
20.1393
19.6312
19.1258
18.6229
18.1226
17.6248
17.1295
16.6365
16.146
15.6579
15.172
14.6884
14.2071
13.728
13.251
12.7762
12.3035
11.8328
11.3642
10.8976
10.4329
9.97015
9.5093
9.05031
8.59318
8.13783
7.6843
7.2325
6.78245
6.33409
5.88741
5.44237
4.99895
4.55709
4.11678
3.67793
3.24049
2.80434
2.36924
1.93525
1.50044
1.06919
0.623756
0.231546
58.174
57.7959
56.9231
55.7524
54.5362
53.3352
52.1183
50.9091
49.7682
48.7241
47.7646
46.8665
46.0165
45.2104
44.4465
43.7216
43.0304
42.366
41.7217
41.0913
40.4697
39.8535
39.2404
38.6293
38.02
37.4127
36.8079
36.2058
35.607
35.0117
34.4198
33.8313
33.2462
32.6644
32.0856
31.5099
30.9372
30.3675
29.8009
29.2373
28.6769
28.1197
27.5659
27.0153
26.4681
25.9242
25.3836
24.8463
24.3121
23.781
23.253
22.728
22.2059
21.6867
21.1703
20.6566
20.1457
19.6374
19.1317
18.6287
18.1282
17.6302
17.1347
16.6416
16.1509
15.6626
15.1766
14.693
14.2115
13.7323
13.2552
12.7803
12.3075
11.8368
11.3681
10.9014
10.4366
9.97379
9.51287
9.05382
8.59661
8.14122
7.6876
7.23576
6.78564
6.33724
5.8905
5.44542
5.00194
4.56003
4.11964
3.68071
3.24312
2.80679
2.37127
1.93675
1.50039
1.06864
0.616326
0.240824
57.728
57.4018
56.6214
55.5416
54.3941
53.2547
52.0992
50.9405
49.8316
48.8047
47.8541
46.9601
46.1097
45.2995
44.5291
43.7966
43.0974
42.4252
41.7734
41.1358
40.5076
39.8853
39.2667
38.651
38.0377
37.4272
36.8198
36.2158
35.6156
35.0191
34.4263
33.8371
33.2514
32.6689
32.0896
31.5133
30.9401
30.3699
29.8028
29.2388
28.6781
28.1207
27.5667
27.016
26.4687
25.9248
25.3842
24.8468
24.3126
23.7816
23.2536
22.7285
22.2064
21.6871
21.1706
20.6569
20.1459
19.6375
19.1318
18.6287
18.1281
17.63
17.1345
16.6414
16.1507
15.6624
15.1764
14.6926
14.2112
13.7319
13.2548
12.7799
12.3071
11.8364
11.3676
10.9009
10.4362
9.97332
9.51239
9.05333
8.59612
8.14072
7.68711
7.23526
6.78514
6.33674
5.89001
5.44493
5.00146
4.55955
4.11917
3.68023
3.24263
2.80624
2.3706
1.93586
1.49894
1.06704
0.612608
0.243033
57.459
57.1776
56.4632
55.4576
54.3735
53.2822
52.1666
51.0397
49.9503
48.931
47.9813
47.0858
46.2334
45.4203
44.6459
43.9078
43.2014
42.5206
41.8591
41.2114
40.5733
39.9417
39.3151
38.6925
38.0739
37.4592
36.8486
36.2422
35.64
35.0418
34.4473
33.8564
33.2689
32.6846
32.1034
31.5253
30.9504
30.3786
29.8102
29.2451
28.6835
28.1254
27.5708
27.0197
26.4721
25.9279
25.3871
24.8495
24.3152
23.7839
23.2557
22.7304
22.2081
21.6886
21.172
20.6581
20.1469
19.6384
19.1326
18.6293
18.1287
17.6306
17.135
16.6419
16.1512
15.6628
15.1768
14.6931
14.2116
13.7324
13.2553
12.7803
12.3075
11.8367
11.368
10.9013
10.4365
9.97364
9.5127
9.05362
8.5964
8.14099
7.68738
7.23553
6.78542
6.33702
5.8903
5.44523
5.00178
4.5599
4.11955
3.68067
3.24316
2.80689
2.37146
1.937
1.50067
1.06904
0.616222
0.24
57.4293
56.9747
56.1764
55.2127
54.1963
53.148
52.0647
50.9746
49.9212
48.9277
47.992
47.1034
46.2554
45.4465
44.6757
43.9399
43.2342
42.5522
41.8878
41.236
40.5932
39.957
39.3264
38.7008
38.0801
37.4643
36.8533
36.2468
35.6446
35.0463
34.4516
33.8601
33.2717
32.6863
32.1039
31.5247
30.9486
30.3758
29.8066
29.2409
28.6788
28.1204
27.5656
27.0144
26.4667
25.9224
25.3814
24.8437
24.3091
23.7776
23.2491
22.7236
22.201
21.6813
21.1643
20.6502
20.1389
19.6302
19.1243
18.621
18.1203
17.6222
17.1266
16.6335
16.1428
15.6545
15.1685
14.6848
14.2034
13.7242
13.2471
12.7722
12.2994
11.8287
11.36
10.8933
10.4285
9.96575
9.50484
9.04584
8.58866
8.13333
7.67978
7.22801
6.77797
6.32967
5.88303
5.43808
4.99473
4.55301
4.11284
3.67421
3.23702
2.80127
2.3667
1.93343
1.50003
1.06981
0.630246
0.22245
58.5915
57.6859
56.5257
55.4169
54.3493
53.2555
52.1333
51.029
49.9814
48.9976
48.0663
47.1765
46.325
45.5125
44.7389
44.0009
43.2925
42.6066
41.9369
41.2783
40.6278
39.9837
39.3453
38.7126
38.0858
37.4648
36.8495
36.2396
35.6345
35.0337
34.4368
33.8434
33.2533
32.6665
32.0829
31.5026
30.9259
30.3528
29.7835
29.2179
28.6562
28.0983
27.5442
26.9936
26.4466
25.9029
25.3626
24.8255
24.2914
23.7604
23.2323
22.7072
22.1849
21.6656
21.149
20.6353
20.1243
19.6161
19.1105
18.6077
18.1074
17.6098
17.1146
16.6219
16.1316
15.6437
15.1581
14.6748
14.1937
13.7148
13.2381
12.7635
12.2909
11.8205
11.352
10.8855
10.421
9.95839
9.49771
9.03889
8.58192
8.12677
7.67341
7.22182
6.77197
6.32383
5.87739
5.4326
4.98946
4.54793
4.10801
3.66966
3.23288
2.79765
2.36401
1.93191
1.50164
1.07221
0.647384
0.206455
65.0228
60.9936
57.9839
56.2395
54.6899
53.0536
51.4973
50.1244
48.9241
47.8638
46.9223
46.0813
45.3195
44.6161
43.9537
43.3194
42.7036
42.0989
41.5003
40.9043
40.309
39.7134
39.1174
38.5209
37.9242
37.3279
36.7322
36.1376
35.5447
34.9536
34.3648
33.7786
33.195
32.6144
32.0367
31.4622
30.8908
30.3227
29.7578
29.1962
28.6378
28.0827
27.5309
26.9822
26.4368
25.8944
25.3552
24.8191
24.286
23.7559
23.2287
22.7045
22.1831
21.6646
21.1488
20.6358
20.1254
19.6178
19.1127
18.6103
18.1103
17.6129
17.1179
16.6253
16.1351
15.6473
15.1617
14.6784
14.1974
13.7185
13.2418
12.7672
12.2946
11.8242
11.3557
10.8893
10.4248
9.9622
9.50152
9.0427
8.58572
8.13055
7.67716
7.22552
6.77561
6.3274
5.88085
5.43596
4.99268
4.551
4.11088
3.6723
3.23523
2.79963
2.36548
1.93272
1.5014
1.0711
0.643181
0.21191
61.7727
59.5997
57.5538
56.0854
54.6693
53.1359
51.6313
50.2698
49.0647
47.994
47.0389
46.1825
45.4059
44.6892
44.0154
43.3713
42.747
42.1352
41.5305
40.9296
40.3302
39.7313
39.1324
38.5337
37.9352
37.3374
36.7406
36.1452
35.5516
34.96
34.3707
33.784
33.2001
32.6191
32.0411
31.4663
30.8946
30.3262
29.7611
29.1992
28.6407
28.0854
27.5334
26.9847
26.4391
25.8968
25.3575
24.8213
24.2881
23.758
23.2308
22.7065
22.185
21.6664
21.1506
20.6375
20.1271
19.6194
19.1143
18.6118
18.1118
17.6143
17.1193
16.6267
16.1365
15.6486
15.163
14.6797
14.1986
13.7197
13.243
12.7684
12.2958
11.8254
11.3569
10.8904
10.4259
9.96329
9.50259
9.04375
8.58676
8.13157
7.67816
7.2265
6.77658
6.32835
5.88179
5.43688
4.99359
4.55189
4.11175
3.67315
3.23606
2.80043
2.36623
1.93342
1.50201
1.07169
0.644196
0.21154
60.1812
59.2586
57.7058
56.1568
54.7045
53.2662
51.8628
50.5564
49.3724
48.3031
47.3326
46.447
45.6328
44.8769
44.1663
43.4901
42.839
42.2057
41.5842
40.9704
40.3613
39.7551
39.1509
38.5481
37.9467
37.3468
36.7486
36.1523
35.5582
34.9664
34.3771
33.7904
33.2065
32.6255
32.0475
31.4726
30.9008
30.3322
29.7668
29.2047
28.6458
28.0903
27.5381
26.9891
26.4433
25.9007
25.3613
24.8249
24.2916
23.7614
23.234
22.7096
22.1881
21.6694
21.1534
20.6402
20.1298
19.6219
19.1167
18.6141
18.114
17.6165
17.1213
16.6287
16.1384
15.6504
15.1648
14.6814
14.2002
13.7213
13.2445
12.7698
12.2972
11.8267
11.3582
10.8917
10.4271
9.96451
9.50378
9.04491
8.58788
8.13266
7.67922
7.22754
6.77759
6.32933
5.88275
5.43782
4.9945
4.55278
4.11261
3.67396
3.2368
2.80108
2.36671
1.93369
1.50168
1.07139
0.64149
0.213105
59.1699
58.6286
57.3731
55.9134
54.5528
53.2546
51.9631
50.7111
49.5476
48.4865
47.5165
46.6218
45.7906
45.0136
44.2822
43.5877
42.9216
42.2764
41.6458
41.0249
40.4102
39.7992
39.1907
38.5841
37.9791
37.376
36.775
36.1763
35.5803
34.987
34.3966
33.8091
33.2245
32.6429
32.0644
31.4889
30.9164
30.3471
29.7811
29.2182
28.6586
28.1023
27.5493
26.9996
26.4533
25.9101
25.3702
24.8335
24.2998
23.7692
23.2416
22.717
22.1952
21.6762
21.1601
20.6467
20.136
19.628
19.1225
18.6197
18.1194
17.6217
17.1264
16.6335
16.1431
15.6549
15.1691
14.6856
14.2043
13.7252
13.2483
12.7735
12.3009
11.8302
11.3617
10.895
10.4304
9.96768
9.50687
9.04792
8.59081
8.13551
7.68201
7.23025
6.78024
6.33192
5.88528
5.44028
4.99691
4.55511
4.11486
3.67611
3.23881
2.80288
2.36813
1.93463
1.50121
1.07049
0.632647
0.222289
58.3575
57.9439
56.9681
55.7203
54.4816
53.2779
52.0595
50.8496
49.7072
48.6597
47.6975
46.8012
45.9581
45.1621
44.409
43.6936
43.0093
42.3491
41.7067
41.0765
40.4542
39.8369
39.2228
38.6111
38.0016
37.3945
36.7901
36.1887
35.5907
34.9959
34.4046
33.8166
33.2319
32.6503
32.0718
31.4963
30.9239
30.3545
29.7882
29.2251
28.6652
28.1086
27.5553
27.0053
26.4586
25.9152
25.375
24.8381
24.3043
23.7736
23.2459
22.7212
22.1993
21.6803
21.1641
20.6506
20.1398
19.6317
19.1262
18.6233
18.1229
17.6251
17.1297
16.6367
16.1462
15.658
15.1721
14.6885
14.2071
13.7279
13.251
12.7761
12.3034
11.8327
11.364
10.8974
10.4327
9.96993
9.50906
9.05006
8.59291
8.13756
7.68401
7.23221
6.78215
6.33379
5.88711
5.44208
4.99865
4.5568
4.11649
3.67764
3.24018
2.80401
2.36879
1.93465
1.49931
1.06794
0.620058
0.234289
57.728
57.4018
56.6215
55.5415
54.3941
53.2547
52.0993
50.9405
49.8314
48.8046
47.8542
46.9602
46.1099
45.2997
44.5292
43.7965
43.0972
42.425
41.7732
41.1356
40.5075
39.8853
39.2669
38.6511
38.0379
37.4274
36.8199
36.2159
35.6156
35.019
34.4262
33.8371
33.2513
32.6689
32.0896
31.5133
30.9401
30.3699
29.8028
29.2388
28.6781
28.1207
27.5667
27.016
26.4688
25.9248
25.3842
24.8468
24.3127
23.7816
23.2536
22.7285
22.2064
21.6871
21.1706
20.6569
20.1459
19.6375
19.1318
18.6286
18.1281
17.63
17.1345
16.6414
16.1507
15.6624
15.1764
14.6926
14.2112
13.7319
13.2549
12.7799
12.3071
11.8364
11.3676
10.9009
10.4362
9.97333
9.5124
9.05334
8.59612
8.14072
7.68711
7.23526
6.78514
6.33674
5.89001
5.44493
5.00145
4.55955
4.11917
3.68023
3.24263
2.80624
2.37059
1.93586
1.49894
1.06704
0.612612
0.243037
57.2799
57.0063
56.3198
55.3323
54.2546
53.1777
52.0852
50.9784
49.9021
48.8923
47.95
47.0586
46.2063
45.3904
44.6121
43.8708
43.1628
42.4823
41.8228
41.1781
40.5433
39.915
39.291
38.6705
38.0534
37.4397
36.8298
36.224
35.6224
35.0249
34.4314
33.8417
33.2554
32.6725
32.0926
31.5158
30.9421
30.3714
29.8039
29.2396
28.6787
28.1211
27.5669
27.0162
26.4689
25.925
25.3845
24.8471
24.313
23.7819
23.2539
22.7288
22.2067
21.6873
21.1708
20.6569
20.1458
19.6374
19.1316
18.6284
18.1278
17.6297
17.1341
16.6409
16.1502
15.6618
15.1758
14.6921
14.2106
13.7313
13.2542
12.7793
12.3065
11.8357
11.367
10.9002
10.4355
9.97263
9.5117
9.05263
8.59541
8.14
7.68639
7.23454
6.78443
6.33603
5.88931
5.44424
5.00078
4.55888
4.11851
3.67957
3.24195
2.80551
2.36972
1.93477
1.49727
1.06529
0.608904
0.244779
57.009
56.7802
56.1602
55.2481
54.2352
53.2082
52.1579
51.0855
50.0305
49.0284
48.0854
47.1904
46.3336
45.5128
44.729
43.9812
43.2655
42.5762
41.9069
41.252
40.6069
39.969
39.3366
38.709
38.0862
37.4683
36.8553
36.2473
35.644
35.0452
34.4503
33.8591
33.2713
32.6867
32.1051
31.5266
30.9512
30.379
29.8102
29.2448
28.683
28.1248
27.5701
27.019
26.4715
25.9274
25.3866
24.8491
24.3148
23.7836
23.2554
22.7302
22.2078
21.6883
21.1716
20.6577
20.1464
19.6379
19.132
18.6288
18.1281
17.63
17.1344
16.6412
16.1505
15.6622
15.1762
14.6925
14.211
13.7317
13.2547
12.7797
12.3069
11.8361
11.3674
10.9006
10.4358
9.97298
9.51203
9.05296
8.59573
8.14032
7.68671
7.23487
6.78477
6.33638
5.88967
5.44461
5.00117
4.55931
4.11898
3.6801
3.24257
2.80626
2.3707
1.93605
1.49914
1.0675
0.612527
0.241926
56.9791
56.5776
55.8732
55.0026
54.0574
53.073
52.0545
51.0197
50.0025
49.0277
48.0992
47.2104
46.3571
45.5393
44.7581
44.0121
43.297
42.6065
41.9344
41.2752
40.6254
39.9826
39.346
38.7153
38.0905
37.4716
36.8585
36.2508
35.6479
35.0492
34.4544
33.8628
33.2742
32.6885
32.1058
31.526
30.9494
30.3762
29.8065
29.2405
28.6781
28.1196
27.5647
27.0135
26.4659
25.9216
25.3808
24.8431
24.3086
23.7772
23.2487
22.7231
22.2005
21.6807
21.1637
20.6495
20.1381
19.6294
19.1235
18.6202
18.1195
17.6214
17.1258
16.6327
16.1421
15.6538
15.1678
14.6842
14.2028
13.7236
13.2466
12.7717
12.2989
11.8281
11.3594
10.8927
10.428
9.96515
9.50425
9.04524
8.58808
8.13274
7.6792
7.22744
6.77742
6.32912
5.88251
5.43757
4.99426
4.55255
4.1124
3.67378
3.23661
2.80084
2.3662
1.9328
1.49889
1.0687
0.626576
0.224527
58.1391
57.2885
56.2246
55.2115
54.2172
53.1871
52.1274
51.0763
50.0645
49.1004
48.177
47.2868
46.4287
45.6057
44.8201
44.0705
43.3517
42.6566
41.9785
41.3122
40.6544
40.0035
39.3592
38.7217
38.0911
37.4675
36.8507
36.24
35.6347
35.0339
34.4372
33.8439
33.2537
32.6666
32.0827
31.502
30.9248
30.3512
29.7815
29.2158
28.6539
28.096
27.5419
26.9915
26.4447
25.9013
25.3611
24.8241
24.2902
23.7592
23.2312
22.706
22.1838
21.6644
21.1478
20.634
20.123
19.6148
19.1093
18.6065
18.1063
17.6086
17.1136
16.6209
16.1307
15.6429
15.1574
14.6741
14.1931
13.7143
13.2376
12.763
12.2905
11.82
11.3516
10.8851
10.4206
9.95802
9.49735
9.03854
8.58159
8.12645
7.67311
7.22153
6.7717
6.32358
5.87716
5.4324
4.98928
4.54778
4.10788
3.66956
3.2328
2.7976
2.36395
1.93183
1.50139
1.07189
0.646191
0.20714
64.7666
60.7846
57.8337
56.1516
54.653
53.0511
51.5194
50.1663
48.9826
47.9364
47.0069
46.1759
45.4219
44.7233
44.0626
43.4274
42.8083
42.1988
41.5941
40.9913
40.3889
39.7864
39.1835
38.5806
37.9781
37.3763
36.7756
36.1767
35.5797
34.9851
34.3932
33.8041
33.2181
32.6352
32.0555
31.4792
30.9062
30.3367
29.7705
29.2077
28.6483
28.0922
27.5395
26.9901
26.4439
25.901
25.3612
24.8245
24.291
23.7604
23.2329
22.7083
22.1866
21.6677
21.1517
20.6384
20.1278
19.6199
19.1147
18.6121
18.112
17.6144
17.1193
16.6266
16.1363
15.6483
15.1627
14.6793
14.1981
13.7192
13.2424
12.7678
12.2952
11.8247
11.3562
10.8897
10.4251
9.96254
9.50183
9.04298
8.58598
8.13079
7.67738
7.22573
6.77581
6.32759
5.88104
5.43615
4.99288
4.55121
4.11111
3.67255
3.23552
2.79997
2.36588
1.93319
1.50203
1.07172
0.644285
0.212014
61.5177
59.391
57.4066
56.0037
54.6406
53.143
51.6641
50.323
49.1335
48.0748
47.1296
46.2819
45.5121
44.7996
44.1272
43.4818
42.8539
42.2367
41.6256
41.0175
40.4109
39.8048
39.1992
38.594
37.9897
37.3866
36.785
36.1852
35.5877
34.9926
34.4002
33.8106
33.2242
32.6408
32.0608
31.4841
30.9108
30.3409
29.7744
29.2114
28.6518
28.0955
27.5426
26.9931
26.4468
25.9037
25.3639
24.8271
24.2935
23.7628
23.2352
22.7105
22.1887
21.6698
21.1537
20.6404
20.1297
19.6218
19.1165
18.6138
18.1137
17.616
17.1209
16.6282
16.1378
15.6498
15.1642
14.6808
14.1996
13.7206
13.2438
12.7691
12.2965
11.826
11.3575
10.891
10.4264
9.96376
9.50303
9.04417
8.58714
8.13193
7.67851
7.22684
6.7769
6.32866
5.8821
5.43719
4.9939
4.55221
4.1121
3.67352
3.23646
2.80088
2.36676
1.93402
1.5028
1.07246
0.645844
0.211087
59.921
59.043
57.554
56.0742
54.6781
53.2797
51.907
50.6251
49.4578
48.3983
47.4341
46.5533
45.7429
44.9888
44.2781
43.5996
42.9443
42.3051
41.6768
41.0556
40.4389
39.8254
39.2142
38.6051
37.998
37.393
36.7902
36.1899
35.5921
34.9971
34.4048
33.8155
33.2293
32.6461
32.0661
31.4894
30.916
30.3459
29.7793
29.216
28.6562
28.0997
27.5466
26.9969
26.4505
25.9073
25.3673
24.8304
24.2967
23.766
23.2383
22.7135
22.1916
21.6726
21.1564
20.643
20.1323
19.6243
19.1189
18.6161
18.1159
17.6182
17.1229
16.6301
16.1397
15.6517
15.1659
14.6825
14.2012
13.7222
13.2454
12.7706
12.298
11.8274
11.3589
10.8923
10.4277
9.96503
9.50426
9.04536
8.5883
8.13306
7.6796
7.2279
6.77793
6.32967
5.88308
5.43815
4.99484
4.55312
4.11297
3.67435
3.23723
2.80156
2.36728
1.93436
1.50267
1.07241
0.644101
0.211299
58.9061
58.4103
57.2204
55.8319
54.5298
53.2746
52.0178
50.7932
49.6467
48.5936
47.6267
46.7337
45.9036
45.1267
44.394
43.6963
43.0253
42.3738
41.7358
41.1069
40.484
39.8652
39.2495
38.6364
38.0258
37.4178
36.8126
36.2103
35.6111
35.015
34.4221
33.8322
33.2455
32.6618
32.0814
31.5041
30.9301
30.3594
29.7921
29.2281
28.6675
28.1104
27.5566
27.0063
26.4594
25.9157
25.3753
24.8381
24.3041
23.7731
23.2452
22.7202
22.1981
21.6789
21.1625
20.6489
20.138
19.6298
19.1242
18.6213
18.1209
17.623
17.1276
16.6347
16.1442
15.656
15.1701
14.6865
14.2052
13.7261
13.2491
12.7743
12.3015
11.8309
11.3622
10.8956
10.4309
9.96817
9.50733
9.04835
8.59122
8.1359
7.68238
7.23061
6.78059
6.33226
5.88562
5.44062
4.99725
4.55547
4.11524
3.67653
3.23928
2.80342
2.36881
1.93547
1.50251
1.07194
0.636076
0.219411
58.0909
57.7226
56.8124
55.6372
54.4595
53.3017
52.121
50.9408
49.8165
48.7764
47.8159
46.9196
46.076
45.2787
44.5229
43.8031
43.1128
42.4452
41.7942
41.1549
40.5236
39.8978
39.2761
38.6578
38.0429
37.4313
36.8234
36.2191
35.6184
35.0215
34.4281
33.8381
33.2514
32.6678
32.0874
31.5102
30.9361
30.3652
29.7977
29.2334
28.6726
28.1151
27.5611
27.0106
26.4635
25.9197
25.3792
24.8419
24.3078
23.7769
23.2489
22.7239
22.2018
21.6825
21.1661
20.6524
20.1414
19.6331
19.1275
18.6244
18.124
17.626
17.1306
16.6376
16.147
15.6587
15.1728
14.6892
14.2078
13.7286
13.2516
12.7767
12.3039
11.8332
11.3646
10.8979
10.4332
9.97036
9.50947
9.05045
8.59328
8.13792
7.68435
7.23255
6.78248
6.33412
5.88744
5.44241
4.99899
4.55717
4.11688
3.67808
3.24069
2.80462
2.36958
1.93568
1.50088
1.06974
0.623703
0.231141
57.459
57.1776
56.4632
55.4576
54.3734
53.2823
52.1667
51.0397
49.9501
48.9309
47.9813
47.086
46.2336
45.4205
44.6459
43.9076
43.2011
42.5203
41.8589
41.2114
40.5734
39.9419
39.3153
38.6927
38.074
37.4593
36.8486
36.2422
35.6399
35.0417
34.4472
33.8564
33.2689
32.6846
32.1034
31.5254
30.9504
30.3787
29.8102
29.2451
28.6835
28.1254
27.5708
27.0197
26.4721
25.9279
25.3871
24.8495
24.3152
23.7839
23.2557
22.7305
22.2081
21.6886
21.172
20.6581
20.1469
19.6384
19.1325
18.6293
18.1287
17.6306
17.135
16.6419
16.1511
15.6628
15.1768
14.6931
14.2116
13.7324
13.2553
12.7804
12.3075
11.8368
11.368
10.9013
10.4365
9.97365
9.51271
9.05363
8.59641
8.141
7.68738
7.23553
6.78542
6.33702
5.8903
5.44522
5.00177
4.55989
4.11955
3.68066
3.24315
2.80688
2.37145
1.937
1.50067
1.06905
0.616228
0.240003
57.009
56.7802
56.1602
55.2481
54.2352
53.2082
52.1579
51.0855
50.0304
49.0284
48.0854
47.1904
46.3337
45.5129
44.7289
43.9811
43.2654
42.5761
41.9069
41.252
40.607
39.9691
39.3367
38.7091
38.0862
37.4683
36.8553
36.2472
35.644
35.0451
34.4503
33.8591
33.2713
32.6867
32.1052
31.5266
30.9512
30.3791
29.8102
29.2448
28.683
28.1247
27.5701
27.019
26.4714
25.9273
25.3866
24.8491
24.3148
23.7836
23.2555
22.7302
22.2079
21.6883
21.1716
20.6577
20.1464
19.6379
19.132
18.6287
18.1281
17.63
17.1344
16.6412
16.1505
15.6622
15.1762
14.6925
14.211
13.7317
13.2547
12.7797
12.3069
11.8361
11.3674
10.9006
10.4358
9.97299
9.51203
9.05296
8.59573
8.14033
7.68671
7.23487
6.78476
6.33637
5.88966
5.44461
5.00117
4.55931
4.11897
3.6801
3.24256
2.80626
2.3707
1.93605
1.49914
1.0675
0.61253
0.241927
56.7366
56.5525
55.9989
55.1625
54.2148
53.2386
52.2325
51.1975
50.1667
49.174
48.2305
47.3302
46.4665
45.6384
44.8469
44.091
43.3667
42.6682
41.989
41.3237
40.6684
40.0207
39.3795
38.7444
38.1156
37.4932
36.8769
36.2666
35.6616
35.0614
34.4653
33.873
33.2839
32.6979
32.1149
31.535
30.9583
30.3849
29.815
29.2488
28.6863
28.1275
27.5724
27.021
26.4733
25.929
25.3881
24.8505
24.316
23.7847
23.2563
22.7309
22.2084
21.6887
21.1719
20.6578
20.1465
19.6379
19.132
18.6288
18.1281
17.6301
17.1345
16.6414
16.1508
15.6625
15.1765
14.6929
14.2114
13.7322
13.2551
12.7802
12.3074
11.8366
11.3678
10.9011
10.4363
9.97342
9.51245
9.05338
8.59614
8.14074
7.68712
7.23528
6.78518
6.3368
5.8901
5.44506
5.00164
4.55981
4.11951
3.6807
3.24324
2.80707
2.37169
1.93733
1.50096
1.06972
0.616074
0.239072
56.7069
56.3502
55.7128
54.919
54.0401
53.1059
52.13
51.1317
50.1393
49.1758
48.2486
47.3557
46.4954
45.6692
44.8788
44.1233
43.3983
42.6978
42.0154
41.3459
40.686
40.0337
39.3886
38.7507
38.12
37.4965
36.8799
36.2696
35.6647
35.0644
34.4681
33.8751
33.2852
32.6981
32.114
31.533
30.9552
30.3809
29.8104
29.2436
28.6808
28.1218
27.5667
27.0152
26.4674
25.923
25.382
24.8442
24.3095
23.7779
23.2492
22.7235
22.2007
21.6808
21.1637
20.6495
20.138
19.6294
19.1234
18.6202
18.1196
17.6216
17.1261
16.6331
16.1425
15.6543
15.1684
14.6849
14.2035
13.7243
13.2473
12.7725
12.2997
11.829
11.3602
10.8935
10.4288
9.96598
9.50508
9.04607
8.58891
8.13358
7.68004
7.22829
6.77827
6.32998
5.88338
5.43845
4.99515
4.55347
4.11335
3.67477
3.23766
2.80197
2.36746
1.93424
1.50071
1.07089
0.630015
0.221843
57.8658
57.0594
56.0615
55.1264
54.202
53.2254
52.2082
51.1909
50.202
49.2494
48.3288
47.4359
46.5713
45.7393
44.943
44.1817
43.4507
42.7435
42.0536
41.3761
40.708
40.0479
39.3958
38.7518
38.1162
37.4888
36.8691
36.2562
35.6491
35.0469
34.4488
33.854
33.2625
32.674
32.0888
31.5069
30.9287
30.3543
29.784
29.2178
28.6557
28.0976
27.5434
26.9929
26.446
25.9026
25.3624
24.8253
24.2912
23.7601
23.232
22.7068
22.1844
21.6649
21.1483
20.6345
20.1235
19.6153
19.1098
18.6071
18.1069
17.6094
17.1144
16.6218
16.1317
15.6439
15.1585
14.6752
14.1942
13.7154
13.2387
12.7641
12.2916
11.8212
11.3527
10.8862
10.4217
9.95915
9.49847
9.03967
8.58271
8.12758
7.67424
7.22267
6.77284
6.32473
5.87831
5.43356
4.99045
4.54896
4.10908
3.67078
3.23405
2.79888
2.36528
1.9332
1.50291
1.07337
0.648389
0.206406
64.7463
60.6092
57.5912
55.9494
54.511
52.9488
51.4432
50.113
48.9501
47.9209
47.005
46.185
45.4395
44.7469
44.0899
43.4563
42.8371
42.2262
41.6192
41.0137
40.4085
39.803
39.1973
38.5918
37.9869
37.383
36.7806
36.1802
35.5819
34.9863
34.3935
33.8037
33.217
32.6335
32.0534
31.4767
30.9034
30.3335
29.7671
29.2041
28.6445
28.0882
27.5353
26.9858
26.4394
25.8964
25.3565
24.8197
24.286
23.7554
23.2278
22.7031
22.1813
21.6624
21.1463
20.633
20.1224
19.6145
19.1093
18.6066
18.1065
17.6089
17.1138
16.6211
16.1308
15.6429
15.1572
14.6739
14.1927
13.7138
13.2371
12.7624
12.2899
11.8194
11.3509
10.8845
10.42
9.95742
9.49675
9.03796
8.581
8.12586
7.67251
7.22091
6.77105
6.32289
5.87641
5.43159
4.9884
4.54681
4.1068
3.66836
3.23145
2.79605
2.36218
1.9297
1.49904
1.06893
0.643311
0.210428
61.4931
59.1972
57.1378
55.7787
54.4806
53.0254
51.5752
50.2607
49.0954
48.0558
47.1246
46.2875
45.5259
44.8194
44.1508
43.5071
42.8793
42.261
41.6479
41.0374
40.4281
39.8195
39.2114
38.6039
37.9976
37.3926
36.7894
36.1882
35.5895
34.9933
34.4
33.8097
33.2225
32.6387
32.0581
31.481
30.9073
30.3371
29.7704
29.2071
28.6472
28.0908
27.5377
26.988
26.4416
25.8984
25.3584
24.8215
24.2878
23.7571
23.2294
22.7046
22.1828
21.6638
21.1477
20.6343
20.1237
19.6157
19.1104
18.6077
18.1076
17.61
17.1149
16.6222
16.1318
15.6439
15.1582
14.6749
14.1937
13.7148
13.238
12.7634
12.2908
11.8203
11.3519
10.8854
10.4209
9.95829
9.49761
9.0388
8.58183
8.12668
7.67332
7.22171
6.77183
6.32367
5.87718
5.43234
4.98914
4.54754
4.10753
3.66907
3.23215
2.79674
2.36286
1.93035
1.49979
1.06961
0.646026
0.207923
59.8945
58.8442
57.2775
55.842
54.5103
53.152
51.8088
50.558
49.4206
48.3841
47.4352
46.5644
45.7608
45.0116
44.3036
43.6261
42.9703
42.3297
41.6992
41.0754
40.4562
39.8402
39.2268
38.6156
38.0068
37.4002
36.7961
36.1946
35.5957
34.9997
34.4065
33.8164
33.2293
32.6454
32.0648
31.4876
30.9137
30.3432
29.7761
29.2126
28.6524
28.0957
27.5424
26.9924
26.4457
25.9023
25.3621
24.8251
24.2911
23.7603
23.2324
22.7075
22.1854
21.6663
21.15
20.6365
20.1257
19.6176
19.1122
18.6094
18.1091
17.6114
17.1162
16.6234
16.133
15.6449
15.1592
14.6758
14.1946
13.7156
13.2387
12.764
12.2914
11.8209
11.3524
10.8859
10.4213
9.95873
9.49802
9.03919
8.5822
8.12702
7.67364
7.22201
6.77212
6.32394
5.87744
5.4326
4.98939
4.54778
4.10775
3.66928
3.23234
2.7969
2.36297
1.93043
1.49985
1.06993
0.647875
0.204058
58.8781
58.2097
56.9395
55.5942
54.3569
53.142
51.9158
50.7259
49.6132
48.5853
47.6339
46.7499
45.9256
45.1529
44.4225
43.7256
43.054
42.4005
41.7599
41.1279
40.5019
39.8802
39.2619
38.6467
38.0344
37.4251
36.8189
36.2158
35.6158
35.0189
34.425
33.8343
33.2466
32.6621
32.0808
31.5027
30.928
30.3566
29.7887
29.2243
28.6634
28.1059
27.552
27.0014
26.4543
25.9104
25.3698
24.8324
24.2982
23.767
23.2388
22.7136
22.1914
21.672
21.1554
20.6417
20.1307
19.6224
19.1167
18.6137
18.1133
17.6154
17.12
16.6271
16.1366
15.6484
15.1626
14.679
14.1977
13.7186
13.2417
12.7669
12.2942
11.8236
11.355
10.8884
10.4238
9.96105
9.50026
9.04134
8.58429
8.12903
7.67559
7.22389
6.77395
6.3257
5.87916
5.43425
4.991
4.54933
4.10925
3.67071
3.23371
2.79816
2.36408
1.93138
1.50028
1.07046
0.645109
0.206594
58.0619
57.5205
56.5275
55.3943
54.2827
53.1666
52.0176
50.8737
49.7847
48.7702
47.8245
46.9362
46.0979
45.3048
44.5521
43.8339
43.1435
42.4743
41.8205
41.1775
40.5422
39.9126
39.2876
38.6669
38.0502
37.4376
36.829
36.2243
35.6234
35.0261
34.4321
33.8414
33.2538
32.6693
32.0879
31.5096
30.9345
30.3628
29.7945
29.2297
28.6684
28.1107
27.5565
27.0058
26.4585
25.9145
25.3739
24.8364
24.3021
23.7709
23.2426
22.7173
22.1949
21.6754
21.1587
20.6448
20.1337
19.6252
19.1195
18.6163
18.1158
17.6178
17.1224
16.6293
16.1388
15.6505
15.1646
14.681
14.1997
13.7206
13.2436
12.7687
12.296
11.8253
11.3567
10.89
10.4254
9.96261
9.50178
9.04282
8.58571
8.13042
7.67693
7.2252
6.77521
6.32694
5.88036
5.43543
4.99214
4.55045
4.11033
3.67175
3.23466
2.79902
2.36471
1.93175
1.49952
1.06954
0.636551
0.214512
57.4293
56.9747
56.1764
55.2126
54.1962
53.148
52.0647
50.9746
49.9212
48.9276
47.992
47.1034
46.2554
45.4465
44.6755
43.9398
43.234
42.5522
41.8879
41.2362
40.5934
39.9573
39.3265
38.7008
38.08
37.4641
36.853
36.2466
35.6444
35.0462
34.4516
33.8602
33.2719
32.6865
32.1041
31.5248
30.9487
30.3759
29.8066
29.2408
28.6787
28.1203
27.5655
27.0143
26.4666
25.9223
25.3814
24.8437
24.3092
23.7777
23.2492
22.7237
22.2011
21.6813
21.1644
20.6502
20.1389
19.6302
19.1242
18.6209
18.1202
17.6221
17.1265
16.6334
16.1427
15.6544
15.1685
14.6848
14.2034
13.7242
13.2472
12.7723
12.2995
11.8287
11.36
10.8933
10.4286
9.96576
9.50485
9.04585
8.58867
8.13333
7.67978
7.22801
6.77797
6.32966
5.88302
5.43807
4.99473
4.55301
4.11283
3.6742
3.23702
2.80127
2.3667
1.93343
1.50004
1.06982
0.630253
0.222451
56.9791
56.5776
55.8732
55.0025
54.0574
53.073
52.0546
51.0197
50.0025
49.0277
48.0992
47.2105
46.3571
45.5392
44.758
44.012
43.2969
42.6066
41.9345
41.2755
40.6256
39.9828
39.3461
38.7153
38.0904
37.4715
36.8583
36.2505
35.6477
35.0491
34.4543
33.8629
33.2744
32.6887
32.1059
31.5262
30.9495
30.3763
29.8065
29.2404
28.6781
28.1195
27.5646
27.0134
26.4658
25.9216
25.3807
24.8431
24.3087
23.7772
23.2487
22.7232
22.2005
21.6807
21.1637
20.6496
20.1381
19.6294
19.1234
18.6201
18.1194
17.6213
17.1258
16.6327
16.142
15.6537
15.1678
14.6842
14.2028
13.7236
13.2466
12.7717
12.2989
11.8281
11.3594
10.8927
10.428
9.96517
9.50427
9.04525
8.58808
8.13275
7.6792
7.22744
6.77742
6.32912
5.88251
5.43756
4.99425
4.55254
4.11239
3.67378
3.23661
2.80084
2.3662
1.9328
1.4989
1.06871
0.626581
0.224527
56.7069
56.3502
55.7128
54.919
54.04
53.1059
52.13
51.1317
50.1393
49.1758
48.2486
47.3557
46.4954
45.6692
44.8787
44.1232
43.3983
42.6979
42.0155
41.3461
40.6861
40.0339
39.3887
38.7507
38.1199
37.4964
36.8798
36.2694
35.6646
35.0644
34.4681
33.8752
33.2853
32.6983
32.1141
31.5331
30.9553
30.381
29.8104
29.2436
28.6807
28.1217
27.5666
27.0152
26.4673
25.923
25.382
24.8442
24.3095
23.7779
23.2493
22.7236
22.2007
21.6808
21.1637
20.6495
20.138
19.6294
19.1234
18.6202
18.1196
17.6215
17.1261
16.6331
16.1425
15.6543
15.1684
14.6848
14.2035
13.7243
13.2473
12.7725
12.2997
11.829
11.3603
10.8935
10.4288
9.96599
9.50509
9.04608
8.58891
8.13358
7.68004
7.22828
6.77827
6.32998
5.88338
5.43845
4.99515
4.55346
4.11335
3.67477
3.23766
2.80197
2.36746
1.93424
1.50072
1.07089
0.630018
0.221843
56.6778
56.1467
55.4235
54.6721
53.8642
52.9751
52.0298
51.0652
50.108
49.1719
48.2614
47.3775
46.522
45.6984
44.909
44.1533
43.4271
42.7242
42.0385
41.3652
40.7013
40.0454
39.3973
38.7571
38.125
37.5006
36.8836
36.2729
35.6677
35.0669
34.4698
33.8759
33.2848
32.6966
32.1113
31.5292
30.9506
30.3756
29.8046
29.2375
28.6745
28.1154
27.5602
27.0087
26.4608
25.9163
25.3751
24.8371
24.3021
23.7702
23.2413
22.7153
22.1923
21.6721
21.1549
20.6406
20.1292
19.6205
19.1146
18.6115
18.111
17.6131
17.1177
16.6249
16.1345
15.6464
15.1607
14.6772
14.1959
13.7169
13.24
12.7652
12.2925
11.8219
11.3533
10.8866
10.422
9.95929
9.49851
9.03958
8.58254
8.1273
7.67389
7.22223
6.77235
6.32415
5.87768
5.43286
4.98971
4.54814
4.1082
3.6698
3.23296
2.7976
2.36369
1.93121
1.49975
1.07096
0.640794
0.208241
57.84
56.8643
55.782
54.8832
54.0267
53.1
52.1192
51.1365
50.179
49.2496
48.3438
47.4598
46.6007
45.7715
44.9761
44.2138
43.4804
42.7695
42.0752
41.3929
40.7204
40.0566
39.4017
38.7557
38.1189
37.4908
36.8707
36.2573
35.6497
35.0466
34.4474
33.8515
33.2587
32.669
32.0827
31.5
30.9212
30.3465
29.776
29.2097
28.6477
28.0897
27.5357
26.9853
26.4385
25.895
25.3547
24.8175
24.2834
23.7522
23.224
22.6987
22.1763
21.6569
21.1404
20.6267
20.116
19.608
19.1028
18.6003
18.1005
17.6032
17.1084
16.6161
16.1262
15.6386
15.1533
14.6702
14.1894
13.7106
13.2341
12.7596
12.2872
11.8168
11.3485
10.8821
10.4177
9.95521
9.49464
9.03592
8.57907
8.12402
7.67079
7.2193
6.76957
6.32153
5.87521
5.43053
4.98752
4.54611
4.10633
3.66812
3.23151
2.79645
2.36303
1.93111
1.50134
1.07196
0.649765
0.203668
65.913
61.3375
57.9967
56.2159
54.7097
53.0962
51.554
50.2063
49.0413
48.0191
47.1135
46.3034
45.5652
44.8765
44.2198
43.5831
42.958
42.3392
41.7232
41.1082
40.4935
39.879
39.2647
38.651
38.0385
37.4277
36.8191
36.2132
35.6101
35.0102
34.4136
33.8205
33.2309
32.645
32.0627
31.4842
30.9093
30.338
29.7704
29.2064
28.6459
28.089
27.5355
26.9854
26.4387
25.8953
25.3551
24.8181
24.2843
23.7535
23.2258
22.7011
22.1793
21.6603
21.1442
20.6309
20.1203
19.6124
19.1072
18.6046
18.1045
17.607
17.1119
16.6193
16.129
15.6411
15.1556
14.6723
14.1912
13.7124
13.2357
12.7611
12.2886
11.8182
11.3498
10.8834
10.419
9.95648
9.49588
9.03714
8.58025
8.12517
7.67187
7.22034
6.77053
6.32244
5.87602
5.43126
4.98814
4.54662
4.1067
3.66835
3.23155
2.79629
2.36257
1.9303
1.49977
1.06994
0.643548
0.211741
62.6774
59.9326
57.5256
56.0206
54.6598
53.1554
51.6683
50.3375
49.1734
48.144
47.2255
46.3997
45.6461
44.9438
44.2754
43.6285
42.9947
42.3684
41.7461
41.126
40.5071
39.889
39.2719
38.656
38.0418
37.4298
36.8202
36.2135
35.6098
35.0093
34.4123
33.8188
33.2289
32.6427
32.0603
31.4815
30.9065
30.3352
29.7676
29.2036
28.6432
28.0863
27.5329
26.9829
26.4363
25.893
25.3529
24.816
24.2823
23.7516
23.224
22.6993
22.1776
21.6587
21.1427
20.6294
20.1189
19.6111
19.106
18.6034
18.1034
17.6059
17.1109
16.6183
16.1282
15.6403
15.1548
14.6715
14.1905
13.7117
13.2351
12.7605
12.2881
11.8177
11.3493
10.883
10.4186
9.95607
9.49549
9.03677
8.5799
8.12484
7.67156
7.22004
6.77025
6.32217
5.87577
5.43102
4.98791
4.54641
4.1065
3.66816
3.23138
2.79613
2.36244
1.93018
1.4998
1.06994
0.644911
0.209675
61.0709
59.5613
57.6319
56.0534
54.6706
53.2682
51.8861
50.6167
49.4793
48.4516
47.5131
46.6512
45.8542
45.1087
44.4018
43.7229
43.0635
42.4175
41.7804
41.1494
40.5226
39.899
39.2781
38.6599
38.0444
37.4317
36.8219
36.2153
35.6118
35.0117
34.415
33.8217
33.232
32.6458
32.0633
31.4844
30.9091
30.3376
29.7697
29.2055
28.6448
28.0877
27.5341
26.9839
26.4371
25.8936
25.3534
24.8163
24.2824
23.7516
23.2238
22.699
22.1771
21.6582
21.142
20.6287
20.1181
19.6102
19.105
18.6024
18.1023
17.6048
17.1098
16.6172
16.127
15.6392
15.1536
14.6704
14.1894
13.7105
13.2339
12.7594
12.2869
11.8166
11.3482
10.8819
10.4175
9.95499
9.49443
9.03573
8.57887
8.12383
7.67057
7.21907
6.76931
6.32125
5.87487
5.43015
4.98706
4.54558
4.10569
3.66738
3.23063
2.79541
2.36178
1.9296
1.49949
1.06981
0.646795
0.205848
60.0474
58.9222
57.2913
55.8072
54.5208
53.2586
51.9896
50.78
49.6688
48.6505
47.7086
46.8314
46.0113
45.2403
44.5097
43.8106
43.1348
42.4757
41.8281
41.1884
40.5544
39.9247
39.2988
38.6765
38.0578
37.4427
36.8314
36.2237
35.6197
35.0192
34.4223
33.8289
33.239
32.6525
32.0697
31.4904
30.9147
30.3427
29.7744
29.2097
28.6488
28.0914
27.5376
26.9872
26.4403
25.8967
25.3564
24.8193
24.2853
23.7544
23.2265
22.7016
22.1796
21.6605
21.1442
20.6307
20.12
19.612
19.1067
18.6039
18.1038
17.6062
17.1111
16.6185
16.1282
15.6403
15.1548
14.6715
14.1904
13.7115
13.2348
12.7602
12.2878
11.8173
11.3489
10.8825
10.4181
9.95554
9.49492
9.03617
8.57927
8.12418
7.67089
7.21935
6.76956
6.32146
5.87506
5.43031
4.9872
4.5457
4.10581
3.66747
3.23072
2.7955
2.3619
1.9298
1.49988
1.07042
0.648413
0.203592
59.2271
58.2327
56.8787
55.6029
54.4397
53.2756
52.085
50.9246
49.8398
48.8354
47.8966
47.0109
46.1726
45.3786
44.6245
43.9042
43.2106
42.5369
41.8771
41.2273
40.5844
39.9472
39.3149
38.6874
38.0648
37.447
36.8339
36.2255
35.6212
35.0211
34.4246
33.8316
33.242
32.6557
32.0728
31.4934
30.9174
30.3451
29.7765
29.2116
28.6504
28.0929
27.539
26.9886
26.4417
25.8982
25.358
24.8209
24.2869
23.756
23.2281
22.7031
22.181
21.6618
21.1454
20.6318
20.121
19.6129
19.1074
18.6047
18.1045
17.6069
17.1117
16.6191
16.1288
15.641
15.1554
14.6721
14.1911
13.7122
13.2355
12.7609
12.2884
11.818
11.3496
10.8832
10.4187
9.95614
9.49548
9.03672
8.57979
8.12469
7.67137
7.21983
6.77
6.32191
5.87548
5.43074
4.98761
4.54612
4.1062
3.66789
3.23112
2.79593
2.36232
1.93028
1.50027
1.07094
0.647974
0.203957
58.5915
57.6859
56.5257
55.4169
54.3493
53.2555
52.1333
51.0291
49.9815
48.9977
48.0664
47.1765
46.3248
45.5122
44.7386
44.0007
43.2925
42.6068
41.9372
41.2788
40.6282
39.9839
39.3453
38.7124
38.0855
37.4644
36.8491
36.2393
35.6343
35.0337
34.4369
33.8437
33.2537
32.6668
32.0832
31.5029
30.9261
30.3528
29.7834
29.2178
28.656
28.0981
27.5439
26.9934
26.4464
25.9028
25.3626
24.8255
24.2915
23.7605
23.2324
22.7073
22.1851
21.6657
21.1491
20.6353
20.1243
19.6161
19.1105
18.6076
18.1074
17.6097
17.1145
16.6218
16.1316
15.6437
15.1581
14.6748
14.1937
13.7148
13.2381
12.7635
12.291
11.8205
11.352
10.8855
10.421
9.95841
9.49772
9.03889
8.58193
8.12677
7.67341
7.22181
6.77196
6.32382
5.87738
5.43259
4.98945
4.54792
4.10801
3.66965
3.23288
2.79766
2.36402
1.93192
1.50165
1.07222
0.647388
0.206454
58.1392
57.2885
56.2247
55.2115
54.2172
53.1871
52.1274
51.0763
50.0646
49.1005
48.1771
47.2868
46.4285
45.6054
44.8198
44.0703
43.3516
42.6568
41.9789
41.3126
40.6548
40.0038
39.3593
38.7215
38.0908
37.4671
36.8503
36.2396
35.6345
35.0339
34.4373
33.8441
33.254
32.667
32.083
31.5022
30.9249
30.3513
29.7815
29.2156
28.6537
28.0958
27.5417
26.9913
26.4445
25.9011
25.3611
24.8241
24.2902
23.7593
23.2313
22.7062
22.1839
21.6645
21.1479
20.6341
20.1231
19.6148
19.1093
18.6064
18.1062
17.6086
17.1135
16.6209
16.1307
15.6429
15.1573
14.6741
14.1931
13.7143
13.2376
12.763
12.2905
11.82
11.3516
10.8851
10.4206
9.95804
9.49736
9.03855
8.58159
8.12645
7.67311
7.22153
6.7717
6.32358
5.87715
5.43239
4.98927
4.54777
4.10787
3.66955
3.2328
2.7976
2.36396
1.93184
1.5014
1.0719
0.646194
0.207139
57.8658
57.0594
56.0615
55.1264
54.202
53.2254
52.2082
51.191
50.2021
49.2495
48.3289
47.4358
46.5712
45.7391
44.9428
44.1815
43.4507
42.7437
42.0539
41.3764
40.7083
40.0481
39.3958
38.7517
38.1159
37.4885
36.8688
36.2559
35.649
35.0469
34.4488
33.8542
33.2627
32.6743
32.089
31.5071
30.9288
30.3544
29.784
29.2177
28.6555
28.0974
27.5432
26.9928
26.4459
25.9025
25.3623
24.8253
24.2913
23.7602
23.2321
22.7069
22.1845
21.665
21.1483
20.6345
20.1235
19.6153
19.1098
18.607
18.1069
17.6093
17.1143
16.6218
16.1317
15.6439
15.1584
14.6752
14.1942
13.7154
13.2387
12.7642
12.2917
11.8212
11.3527
10.8863
10.4218
9.95917
9.49848
9.03968
8.58272
8.12758
7.67424
7.22266
6.77283
6.32472
5.8783
5.43355
4.99044
4.54896
4.10908
3.67078
3.23405
2.79889
2.36528
1.93321
1.50291
1.07337
0.648391
0.206405
57.84
56.8643
55.782
54.8832
54.0267
53.1
52.1193
51.1365
50.179
49.2496
48.3438
47.4598
46.6006
45.7714
44.976
44.2138
43.4804
42.7696
42.0753
41.3931
40.7205
40.0567
39.4017
38.7557
38.1188
37.4907
36.8705
36.2572
35.6496
35.0466
34.4474
33.8516
33.2588
32.6692
32.0828
31.5001
30.9213
30.3465
29.776
29.2097
28.6477
28.0897
27.5356
26.9852
26.4384
25.8949
25.3547
24.8175
24.2834
23.7522
23.224
22.6987
22.1764
21.6569
21.1404
20.6268
20.116
19.608
19.1028
18.6003
18.1004
17.6031
17.1084
16.6161
16.1261
15.6386
15.1533
14.6702
14.1894
13.7106
13.2341
12.7596
12.2872
11.8168
11.3485
10.8821
10.4177
9.95522
9.49465
9.03593
8.57908
8.12403
7.67079
7.2193
6.76957
6.32153
5.87521
5.43053
4.98752
4.54611
4.10633
3.66812
3.23151
2.79645
2.36303
1.93111
1.50134
1.07196
0.649767
0.203668
59.0002
57.5824
56.1562
55.12
54.2147
53.2511
52.2411
51.2466
50.2908
49.3661
48.4614
47.5744
46.71
45.8751
45.0732
44.3035
43.5611
42.84
42.1346
41.4414
40.7584
40.0854
39.4226
38.7704
38.1285
37.4965
36.873
36.2569
35.6466
35.0413
34.4399
33.8421
33.2476
32.6567
32.0695
31.4863
30.9074
30.3328
29.7627
29.1971
28.6357
28.0785
27.5251
26.9754
26.4291
25.8861
25.3462
24.8093
24.2755
23.7446
23.2167
22.6918
22.1698
21.6508
21.1347
20.6215
20.1112
19.6037
19.099
18.597
18.0975
17.6007
17.1063
16.6143
16.1247
15.6373
15.1523
14.6694
14.1887
13.7102
13.2338
12.7595
12.2872
11.817
11.3487
10.8825
10.4182
9.95581
9.49532
9.03673
8.57995
8.12501
7.67184
7.22045
6.77077
6.32282
5.87654
5.43195
4.98897
4.54764
4.1079
3.66977
3.2332
2.79822
2.3648
1.93286
1.50274
1.07296
0.647751
0.208491
)
;

boundaryField
{
    inlet
    {
        type            zeroGradient;
    }
    outlet
    {
        type            fixedValue;
        value           uniform 0;
    }
    Wall
    {
        type            zeroGradient;
    }
}


// ************************************************************************* //
