/*--------------------------------*- C++ -*----------------------------------*\
| =========                 |                                                 |
| \\      /  F ield         | OpenFOAM: The Open Source CFD Toolbox           |
|  \\    /   O peration     | Version:  5.x                                   |
|   \\  /    A nd           | Web:      www.OpenFOAM.org                      |
|    \\/     M anipulation  |                                                 |
\*---------------------------------------------------------------------------*/
/*   Windows 32 and 64 bit porting by blueCAPE: http://www.bluecape.com.pt   *\
|  Based on Windows porting (2.0.x v4) by Symscape: http://www.symscape.com   |
\*---------------------------------------------------------------------------*/
FoamFile
{
    version     2.0;
    format      ascii;
    class       volScalarField;
    location    "60";
    object      p;
}
// * * * * * * * * * * * * * * * * * * * * * * * * * * * * * * * * * * * * * //

dimensions      [0 2 -2 0 0 0 0];

internalField   nonuniform List<scalar> 
10000
(
72.6184
64.8682
59.7798
57.2914
55.2307
53.1839
51.4052
49.9422
48.695
47.592
46.6087
45.7324
44.9466
44.2324
43.572
42.9497
42.3528
41.7714
41.1983
40.6287
40.0595
39.489
38.9163
38.3411
37.7638
37.1847
36.6044
36.0234
35.4424
34.8618
34.2822
33.7039
33.1274
32.5529
31.9807
31.411
30.8439
30.2795
29.7179
29.1593
28.6036
28.0509
27.5011
26.9544
26.4107
25.8699
25.3322
24.7973
24.2654
23.7364
23.2103
22.687
22.1665
21.6488
21.1338
20.6216
20.1119
19.6049
19.1005
18.5986
18.0992
17.6022
17.1077
16.6156
16.1259
15.6384
15.1532
14.6703
14.1896
13.711
13.2346
12.7603
12.2881
11.8179
11.3497
10.8835
10.4192
9.95687
9.49641
9.0378
8.58101
8.12603
7.67281
7.22134
6.77158
6.32352
5.87712
5.43235
4.98919
4.54762
4.10762
3.66914
3.23219
2.79672
2.36274
1.93018
1.49922
1.06923
0.641794
0.212347
69.4377
63.5142
59.2681
57.0636
55.1671
53.2011
51.4356
49.9599
48.6987
47.5867
46.5996
45.7231
44.9389
44.2266
43.5677
42.9466
42.3504
41.7694
41.1966
40.6271
40.058
39.4875
38.9149
38.3399
37.7627
37.1837
36.6035
36.0226
35.4417
34.8613
34.2817
33.7036
33.1272
32.5528
31.9806
31.4109
30.8438
30.2795
29.718
29.1594
28.6037
28.051
27.5012
26.9545
26.4108
25.87
25.3322
24.7974
24.2655
23.7365
23.2104
22.6871
22.1666
21.6489
21.1339
20.6216
20.1119
19.6049
19.1005
18.5986
18.0992
17.6022
17.1077
16.6156
16.1258
15.6384
15.1532
14.6703
14.1896
13.711
13.2346
12.7603
12.2881
11.8179
11.3497
10.8835
10.4192
9.95684
9.49637
9.03776
8.58097
8.12599
7.67277
7.2213
6.77154
6.32348
5.87707
5.43231
4.98915
4.54758
4.10757
3.6691
3.23214
2.79667
2.3627
1.93013
1.49921
1.06915
0.642133
0.211916
67.863
63.1356
59.2914
57.0424
55.1654
53.2636
51.522
50.0389
48.7665
47.6479
46.6573
45.7784
44.9914
44.2755
43.6124
42.9867
42.3858
41.8003
41.2231
40.6497
40.0771
39.5035
38.9281
38.3507
37.7714
37.1906
36.6089
36.0267
35.4447
34.8634
34.2831
33.7044
33.1274
32.5526
31.9802
31.4102
30.8429
30.2785
29.7168
29.1581
28.6024
28.0497
27.4999
26.9532
26.4095
25.8687
25.331
24.7962
24.2643
23.7353
23.2092
22.686
22.1655
21.6478
21.1329
20.6206
20.111
19.604
19.0996
18.5977
18.0984
17.6015
17.107
16.6149
16.1251
15.6377
15.1526
14.6697
14.189
13.7104
13.234
12.7597
12.2875
11.8173
11.3492
10.883
10.4187
9.95637
9.49592
9.03732
8.58055
8.12557
7.67237
7.2209
6.77116
6.3231
5.87671
5.43195
4.98881
4.54725
4.10724
3.66878
3.23183
2.79636
2.36239
1.92981
1.49894
1.06882
0.642401
0.211105
66.8594
62.5196
58.964
56.814
55.0278
53.2209
51.5342
50.0732
48.8129
47.7052
46.7235
45.8505
45.0666
44.3512
43.6864
43.0573
42.4523
41.8621
41.2803
40.7022
40.125
39.547
38.9674
38.3861
37.8033
37.2193
36.6347
36.0499
35.4656
34.8821
34.3
33.7197
33.1413
32.5652
31.9916
31.4206
30.8524
30.2871
29.7248
29.1654
28.6091
28.0558
27.5056
26.9584
26.4143
25.8732
25.3351
24.8
24.2678
23.7386
23.2122
22.6887
22.1681
21.6502
21.135
20.6226
20.1128
19.6057
19.1012
18.5992
18.0997
17.6027
17.1081
16.6159
16.1261
15.6385
15.1533
14.6703
14.1896
13.711
13.2345
12.7602
12.2879
11.8177
11.3495
10.8833
10.419
9.95659
9.49611
9.03748
8.58068
8.12569
7.67246
7.22098
6.77122
6.32315
5.87674
5.43197
4.98881
4.54724
4.10723
3.66875
3.23178
2.7963
2.36231
1.9297
1.49883
1.06868
0.642467
0.210615
66.0639
61.8751
58.5897
56.6192
54.9301
53.1913
51.5493
50.112
48.866
47.7706
46.7998
45.9351
45.1564
44.4433
43.7779
43.1461
42.5369
41.9415
41.3538
40.7696
40.1863
39.6025
39.0176
38.4313
37.8439
37.2558
36.6674
36.0794
35.4921
34.9061
34.3217
33.7392
33.1591
32.5814
32.0064
31.4342
30.8649
30.2987
29.7354
29.1753
28.6183
28.0644
27.5136
26.9659
26.4213
25.8798
25.3413
24.8059
24.2734
23.7438
23.2172
22.6935
22.1726
21.6545
21.1391
20.6265
20.1166
19.6093
19.1045
18.6024
18.1028
17.6056
17.1109
16.6186
16.1286
15.641
15.1557
14.6726
14.1917
13.713
13.2365
12.7621
12.2897
11.8194
11.3511
10.8848
10.4204
9.958
9.49746
9.03877
8.58191
8.12686
7.67358
7.22205
6.77223
6.32412
5.87767
5.43286
4.98966
4.54805
4.108
3.66949
3.23248
2.79695
2.36291
1.93025
1.49923
1.06906
0.642388
0.210709
65.4543
61.3652
58.2632
56.4334
54.8207
53.135
51.5369
50.1311
48.9071
47.829
46.8727
46.0193
45.2485
44.5396
43.8754
43.2421
42.6293
42.029
41.4355
40.8452
40.2558
39.6662
39.0757
38.4843
37.8923
37.2999
36.7078
36.1163
35.526
34.9372
34.3504
33.7658
33.1838
32.6043
32.0278
31.4542
30.8837
30.3163
29.752
29.1909
28.6331
28.0784
27.5269
26.9785
26.4333
25.8912
25.3522
24.8162
24.2833
23.7533
23.2263
22.7021
22.1809
21.6624
21.1468
20.6338
20.1236
19.616
19.111
18.6087
18.1088
17.6114
17.1165
16.624
16.1338
15.646
15.1605
14.6773
14.1963
13.7174
13.2407
12.7662
12.2937
11.8233
11.3549
10.8884
10.424
9.96143
9.50078
9.042
8.58505
8.12991
7.67655
7.22494
6.77506
6.32687
5.88035
5.43548
4.99222
4.55055
4.11045
3.67188
3.23482
2.79924
2.36511
1.93238
1.50116
1.07091
0.643395
0.211861
65.0232
60.994
57.9845
56.2399
54.6906
53.0547
51.4979
50.1242
48.9239
47.8643
46.9234
46.0823
45.3201
44.6164
43.954
43.3199
42.7041
42.0994
41.5006
40.9044
40.3092
39.7138
39.1179
38.5214
37.9248
37.3284
36.7326
36.1379
35.5449
34.9537
34.3649
33.7785
33.1949
32.6142
32.0365
31.4619
30.8906
30.3224
29.7575
29.1959
28.6376
28.0825
27.5306
26.9819
26.4365
25.8941
25.3549
24.8187
24.2856
23.7555
23.2283
22.704
22.1827
21.6641
21.1483
20.6353
20.125
19.6174
19.1123
18.6099
18.1099
17.6125
17.1175
16.625
16.1348
15.6469
15.1614
14.6781
14.197
13.7181
13.2414
12.7668
12.2943
11.8238
11.3554
10.889
10.4245
9.96189
9.50122
9.04241
8.58544
8.13028
7.6769
7.22528
6.77538
6.32718
5.88065
5.43577
4.99251
4.55084
4.11073
3.67217
3.23511
2.79953
2.3654
1.93266
1.50136
1.07108
0.643164
0.211933
64.7669
60.7848
57.8341
56.1519
54.6539
53.0524
51.5199
50.1657
48.982
47.9367
47.008
46.177
45.4225
44.7235
44.063
43.4279
42.809
42.1993
41.5943
40.9914
40.3891
39.7867
39.184
38.5812
37.9786
37.3768
36.7761
36.177
35.58
34.9853
34.3933
33.8041
33.218
32.635
32.0553
31.479
30.906
30.3364
29.7702
29.2074
28.648
28.092
27.5393
26.9898
26.4436
25.9006
25.3608
24.8241
24.2905
23.76
23.2324
22.7078
22.1861
21.6673
21.1512
20.6379
20.1274
19.6195
19.1143
18.6117
18.1116
17.614
17.1189
16.6262
16.1359
15.648
15.1623
14.6789
14.1978
13.7189
13.2421
12.7674
12.2948
11.8243
11.3558
10.8894
10.4248
9.96222
9.50152
9.04269
8.5857
8.13052
7.67712
7.22548
6.77557
6.32736
5.88083
5.43595
4.9927
4.55104
4.11095
3.67241
3.23539
2.79986
2.36579
1.93312
1.50198
1.0717
0.64426
0.212044
64.7468
60.6096
57.5918
55.9495
54.5112
52.9498
51.444
50.113
48.9498
47.9214
47.0062
46.1863
45.4403
44.7473
44.0903
43.4568
42.8377
42.2266
41.6194
41.0138
40.4086
39.8032
39.1977
38.5923
37.9873
37.3834
36.781
36.1805
35.5822
34.9865
34.3936
33.8036
33.2169
32.6334
32.0532
31.4765
30.9032
30.3333
29.7668
29.2038
28.6442
28.088
27.5351
26.9855
26.4391
25.896
25.3561
24.8193
24.2856
23.755
23.2273
22.7027
22.1809
21.662
21.1459
20.6326
20.122
19.6141
19.1089
18.6062
18.1061
17.6085
17.1134
16.6207
16.1304
15.6425
15.1569
14.6735
14.1924
13.7135
13.2367
12.7621
12.2895
11.819
11.3506
10.8841
10.4196
9.95709
9.49643
9.03764
8.5807
8.12557
7.67222
7.22064
6.77078
6.32264
5.87617
5.43136
4.98818
4.54661
4.10662
3.66819
3.2313
2.79591
2.36206
1.9296
1.49896
1.06888
0.643252
0.210443
65.9134
61.3379
57.9973
56.2164
54.71
53.0968
51.5546
50.2064
49.0413
48.0195
47.1144
46.3042
45.5657
44.8768
44.2201
43.5835
42.9586
42.3397
41.7236
41.1086
40.4939
39.8795
39.2652
38.6515
38.0389
37.4281
36.8195
36.2134
35.6103
35.0103
34.4137
33.8205
33.2308
32.6448
32.0625
31.4839
30.909
30.3377
29.7701
29.2061
28.6457
28.0887
27.5352
26.9851
26.4384
25.895
25.3548
24.8178
24.2839
23.7531
23.2254
22.7006
22.1788
21.6599
21.1438
20.6305
20.1199
19.612
19.1068
18.6042
18.1041
17.6066
17.1115
16.6189
16.1287
15.6408
15.1552
14.6719
14.1909
13.712
13.2353
12.7607
12.2883
11.8178
11.3495
10.8831
10.4186
9.95614
9.49554
9.03681
8.57993
8.12486
7.67157
7.22005
6.77025
6.32216
5.87576
5.43101
4.9879
4.5464
4.10649
3.66815
3.23137
2.79612
2.36243
1.93017
1.49966
1.06986
0.643483
0.211731
69.4377
63.5141
59.2681
57.0636
55.1671
53.2011
51.4356
49.9599
48.6987
47.5867
46.5996
45.7231
44.9389
44.2266
43.5677
42.9466
42.3504
41.7694
41.1966
40.6271
40.058
39.4875
38.9149
38.3399
37.7627
37.1837
36.6035
36.0226
35.4417
34.8613
34.2818
33.7036
33.1272
32.5528
31.9806
31.4109
30.8438
30.2795
29.718
29.1594
28.6037
28.051
27.5012
26.9545
26.4108
25.87
25.3322
24.7974
24.2655
23.7365
23.2104
22.6871
22.1666
21.6489
21.1339
20.6216
20.1119
19.6049
19.1005
18.5986
18.0992
17.6022
17.1077
16.6156
16.1258
15.6384
15.1532
14.6703
14.1896
13.711
13.2346
12.7603
12.2881
11.8179
11.3497
10.8835
10.4192
9.95684
9.49637
9.03776
8.58097
8.12599
7.67277
7.2213
6.77154
6.32348
5.87707
5.43231
4.98915
4.54758
4.10757
3.6691
3.23214
2.79667
2.3627
1.93013
1.49921
1.06915
0.642133
0.211916
66.1435
62.0827
58.7827
56.8891
55.1579
53.2743
51.5192
50.0272
48.7511
47.6303
46.6382
45.7582
44.9707
44.2547
43.5918
42.9666
42.3666
41.7822
41.2065
40.6348
40.0639
39.492
38.9184
38.3428
37.7651
37.1859
36.6056
36.0247
35.4438
34.8634
34.2839
33.7058
33.1294
32.555
31.9829
31.4132
30.8461
30.2818
29.7202
29.1615
28.6058
28.053
27.5032
26.9564
26.4126
25.8718
25.334
24.7991
24.2671
23.738
23.2118
22.6885
22.1679
21.6502
21.1351
20.6228
20.1131
19.606
19.1015
18.5996
18.1001
17.6032
17.1086
16.6165
16.1267
15.6392
15.154
14.671
14.1903
13.7117
13.2353
12.7609
12.2887
11.8185
11.3503
10.884
10.4197
9.95737
9.49688
9.03825
8.58146
8.12646
7.67323
7.22174
6.77197
6.3239
5.87748
5.43271
4.98954
4.54796
4.10794
3.66946
3.2325
2.79702
2.36304
1.93044
1.49958
1.06943
0.643238
0.211109
64.6041
61.7939
58.9243
56.9356
55.1778
53.3558
51.6411
50.1557
48.8746
47.7471
46.7471
45.8587
45.0624
44.3376
43.6657
43.0317
42.4235
41.8315
41.2489
40.6709
40.0945
39.5179
38.9401
38.3608
37.78
37.1981
36.6154
36.0326
35.4501
34.8683
34.2877
33.7087
33.1316
32.5566
31.9839
31.4139
30.8465
30.2819
29.7201
29.1613
28.6055
28.0527
27.5028
26.956
26.4122
25.8714
25.3335
24.7987
24.2667
23.7377
23.2115
22.6881
22.1676
21.6499
21.1348
20.6225
20.1128
19.6058
19.1013
18.5994
18.1
17.603
17.1085
16.6164
16.1266
15.6391
15.1539
14.671
14.1902
13.7117
13.2352
12.7609
12.2886
11.8184
11.3502
10.884
10.4197
9.95736
9.49688
9.03826
8.58146
8.12647
7.67324
7.22176
6.77199
6.32392
5.8775
5.43273
4.98957
4.54799
4.10797
3.66949
3.23252
2.79703
2.36305
1.93044
1.49965
1.06943
0.644396
0.20956
63.612
61.1633
58.5692
56.6735
55.0125
53.3033
51.6587
50.2012
48.9328
47.8152
46.8231
45.9398
45.1461
44.4218
43.7485
43.1116
42.4993
41.9027
41.315
40.7319
40.1503
39.5686
38.986
38.4022
37.8173
37.2316
36.6456
36.0597
35.4744
34.8902
34.3074
33.7265
33.1477
32.5712
31.9973
31.426
30.8576
30.2921
29.7296
29.17
28.6135
28.0601
27.5097
26.9624
26.4182
25.8769
25.3387
24.8035
24.2712
23.7418
23.2154
22.6918
22.171
21.653
21.1378
20.6253
20.1154
19.6082
19.1036
18.6015
18.102
17.6049
17.1103
16.618
16.1281
15.6406
15.1553
14.6722
14.1914
13.7128
13.2363
12.7619
12.2896
11.8193
11.3511
10.8848
10.4205
9.95806
9.49754
9.03888
8.58205
8.12702
7.67377
7.22226
6.77247
6.32437
5.87793
5.43314
4.98996
4.54836
4.10832
3.66982
3.23283
2.79732
2.36331
1.93067
1.49985
1.06961
0.644916
0.208976
62.815
60.4993
58.1798
56.4786
54.9213
53.2826
51.6854
50.2531
48.9992
47.893
46.9098
46.0322
45.2413
44.5171
43.8418
43.2012
42.584
41.9817
41.3879
40.7985
40.2108
39.6234
39.0354
38.4466
37.8571
37.2673
36.6776
36.0884
35.5001
34.9133
34.3282
33.7452
33.1645
32.5864
32.011
31.4386
30.869
30.3026
29.7392
29.1789
28.6217
28.0677
27.5168
26.9691
26.4244
25.8828
25.3442
24.8087
24.2761
23.7465
23.2198
22.696
22.175
21.6569
21.1415
20.6288
20.1188
19.6115
19.1067
18.6045
18.1048
17.6076
17.1129
16.6205
16.1305
15.6429
15.1575
14.6744
14.1935
13.7147
13.2382
12.7637
12.2913
11.821
11.3527
10.8863
10.4219
9.95946
9.49888
9.04017
8.58328
8.1282
7.6749
7.22334
6.77351
6.32537
5.87889
5.43406
4.99084
4.54921
4.10914
3.6706
3.23357
2.79801
2.36393
1.93123
1.50022
1.06999
0.644455
0.209552
62.2042
59.9791
57.8447
56.2906
54.8104
53.2248
51.6745
50.2777
49.0477
47.9588
46.989
46.121
45.3362
44.6148
43.9398
43.297
42.676
42.0686
41.4691
40.8738
40.2802
39.687
39.0937
38.5
37.906
37.3121
36.7187
36.1261
35.5348
34.9452
34.3577
33.7725
33.1898
32.6099
32.033
31.4591
30.8882
30.3206
29.7561
29.1949
28.6368
28.082
27.5303
26.9818
26.4365
25.8943
25.3551
24.819
24.286
23.7559
23.2288
22.7046
22.1833
21.6648
21.149
20.636
20.1258
19.6181
19.1131
18.6107
18.1108
17.6134
17.1184
16.6258
16.1357
15.6478
15.1623
14.679
14.1979
13.7191
13.2424
12.7678
12.2952
11.8248
11.3564
10.8899
10.4254
9.96284
9.50217
9.04337
8.5864
8.13124
7.67785
7.22622
6.77632
6.32811
5.88157
5.43668
4.9934
4.55172
4.11159
3.673
3.23591
2.8003
2.36613
1.93335
1.50207
1.07179
0.644923
0.211412
61.7732
59.6001
57.5544
56.0858
54.6702
53.137
51.6318
50.27
49.0647
47.9942
47.0394
46.1832
45.4065
44.6898
44.016
43.3719
42.7475
42.1355
41.5306
40.9295
40.3301
39.7315
39.1329
38.5344
37.9361
37.3383
36.7415
36.1459
35.552
34.9601
34.3706
33.7838
33.1997
32.6186
32.0406
31.4657
30.8941
30.3258
29.7608
29.199
28.6406
28.0853
27.5333
26.9846
26.439
25.8965
25.3572
24.8209
24.2877
23.7575
23.2303
22.7059
22.1845
21.6659
21.1501
20.637
20.1267
19.619
19.1139
18.6114
18.1115
17.614
17.119
16.6264
16.1362
15.6483
15.1627
14.6794
14.1983
13.7194
13.2427
12.768
12.2955
11.825
11.3565
10.8901
10.4256
9.96297
9.50228
9.04346
8.58647
8.1313
7.6779
7.22626
6.77634
6.32813
5.88158
5.43669
4.99341
4.55173
4.11161
3.67302
3.23594
2.80034
2.36616
1.93337
1.50198
1.07168
0.644184
0.211647
61.518
59.391
57.4064
56.004
54.6423
53.1448
51.6646
50.3221
49.1322
48.0743
47.1304
46.2835
45.5137
44.8008
44.1279
43.4821
42.8538
42.2364
41.6251
41.0172
40.4108
39.8051
39.1999
38.5951
37.991
37.3878
36.786
36.186
35.5882
34.9927
34.4001
33.8103
33.2237
32.6403
32.0602
31.4836
30.9103
30.3405
29.7742
29.2112
28.6516
28.0954
27.5425
26.9929
26.4466
25.9035
25.3635
24.8267
24.293
23.7624
23.2347
22.71
22.1882
21.6693
21.1532
20.6399
20.1293
19.6214
19.1161
18.6135
18.1133
17.6157
17.1206
16.6278
16.1375
15.6495
15.1638
14.6804
14.1992
13.7203
13.2435
12.7688
12.2962
11.8256
11.3571
10.8906
10.4261
9.96344
9.50272
9.04387
8.58686
8.13166
7.67824
7.22659
6.77666
6.32843
5.88189
5.43699
4.99372
4.55204
4.11194
3.67338
3.23634
2.80078
2.36667
1.93395
1.50277
1.07245
0.64582
0.211209
61.4937
59.1979
57.1378
55.7776
54.4809
53.0272
51.577
50.2612
49.0947
48.0552
47.125
46.2889
45.5275
44.8208
44.1516
43.5074
42.8792
42.2605
41.6473
41.037
40.428
39.8198
39.2121
38.6049
37.9987
37.3936
36.7903
36.1889
35.5898
34.9934
34.3999
33.8094
33.2222
32.6382
32.0577
31.4806
30.907
30.3368
29.7701
29.2069
28.6471
28.0906
27.5376
26.9878
26.4413
25.8981
25.358
24.8211
24.2873
23.7566
23.2289
22.7041
22.1823
21.6634
21.1472
20.6339
20.1233
19.6153
19.1101
18.6074
18.1073
17.6097
17.1145
16.6218
16.1315
15.6435
15.1579
14.6745
14.1934
13.7144
13.2377
12.763
12.2905
11.82
11.3515
10.885
10.4205
9.95796
9.49729
9.03849
8.58153
8.12639
7.67303
7.22144
6.77157
6.32341
5.87694
5.43212
4.98893
4.54734
4.10734
3.6689
3.232
2.7966
2.36274
1.93025
1.49971
1.06955
0.645952
0.208017
62.6778
59.9326
57.5266
56.0213
54.6598
53.1555
51.6691
50.3384
49.1736
48.1437
47.2255
46.4003
45.6471
44.9447
44.2761
43.6289
42.9949
42.3684
41.7461
41.126
40.5073
39.8895
39.2726
38.6568
38.0426
37.4305
36.8207
36.2138
35.6099
35.0093
34.4122
33.8186
33.2287
32.6425
32.06
31.4813
30.9063
30.335
29.7674
29.2034
28.643
28.0861
27.5327
26.9826
26.436
25.8926
25.3525
24.8156
24.2818
23.7511
23.2235
22.6988
22.1771
21.6583
21.1422
20.629
20.1185
19.6107
19.1056
18.603
18.103
17.6056
17.1106
16.618
16.1278
15.64
15.1544
14.6712
14.1902
13.7114
13.2347
12.7602
12.2877
11.8173
11.349
10.8826
10.4182
9.95573
9.49515
9.03645
8.57958
8.12453
7.67126
7.21975
6.76997
6.3219
5.87551
5.43077
4.98767
4.54618
4.10629
3.66796
3.23119
2.79596
2.36229
1.93006
1.49969
1.06986
0.644841
0.209679
67.863
63.1356
59.2914
57.0424
55.1654
53.2637
51.522
50.0389
48.7665
47.6479
46.6573
45.7784
44.9914
44.2755
43.6124
42.9867
42.3858
41.8003
41.2231
40.6497
40.0771
39.5035
38.9281
38.3507
37.7714
37.1906
36.6089
36.0267
35.4447
34.8634
34.2831
33.7044
33.1274
32.5526
31.9802
31.4102
30.8429
30.2785
29.7168
29.1581
28.6024
28.0497
27.4999
26.9532
26.4095
25.8687
25.331
24.7962
24.2643
23.7353
23.2092
22.686
22.1655
21.6478
21.1329
20.6206
20.111
19.604
19.0996
18.5977
18.0984
17.6015
17.107
16.6149
16.1251
15.6377
15.1526
14.6697
14.189
13.7104
13.234
12.7597
12.2875
11.8173
11.3492
10.883
10.4187
9.95637
9.49592
9.03732
8.58055
8.12557
7.67237
7.22091
6.77116
6.3231
5.87671
5.43195
4.98881
4.54725
4.10724
3.66878
3.23183
2.79636
2.36239
1.92981
1.49894
1.06882
0.642401
0.211105
64.6041
61.7939
58.9243
56.9356
55.1778
53.3559
51.6412
50.1556
48.8746
47.7471
46.7471
45.8587
45.0624
44.3376
43.6657
43.0317
42.4235
41.8315
41.2489
40.6709
40.0945
39.5179
38.9401
38.3608
37.78
37.1981
36.6154
36.0326
35.4501
34.8683
34.2877
33.7087
33.1316
32.5566
31.9839
31.4139
30.8465
30.2819
29.7201
29.1613
28.6055
28.0527
27.5028
26.956
26.4122
25.8714
25.3335
24.7987
24.2667
23.7377
23.2115
22.6881
22.1676
21.6499
21.1348
20.6225
20.1128
19.6058
19.1013
18.5994
18.1
17.603
17.1085
16.6164
16.1266
15.6391
15.1539
14.671
14.1902
13.7117
13.2352
12.7609
12.2886
11.8184
11.3502
10.884
10.4197
9.95736
9.49688
9.03826
8.58146
8.12647
7.67324
7.22176
6.77199
6.32392
5.8775
5.43273
4.98957
4.54799
4.10797
3.66949
3.23252
2.79703
2.36305
1.93044
1.49965
1.06943
0.644395
0.20956
63.0446
61.4988
59.0964
57.0061
55.2049
53.4536
51.8032
50.3464
49.0764
47.9507
46.9433
46.0398
45.2241
44.4782
43.7854
43.1318
42.506
41.8991
41.304
40.7159
40.1313
39.548
38.965
38.3814
37.7973
37.2126
36.6278
36.0431
35.459
34.876
34.2942
33.7143
33.1363
32.5606
31.9874
31.4168
30.849
30.284
29.7219
29.1629
28.6068
28.0538
27.5038
26.9569
26.413
25.8721
25.3342
24.7992
24.2672
23.7381
23.2119
22.6886
22.168
21.6502
21.1352
20.6229
20.1132
19.6061
19.1017
18.5998
18.1003
17.6034
17.1089
16.6167
16.1269
15.6395
15.1543
14.6713
14.1906
13.712
13.2356
12.7613
12.289
11.8188
11.3506
10.8844
10.4201
9.9577
9.49722
9.03859
8.58179
8.12679
7.67356
7.22208
6.77231
6.32423
5.87781
5.43303
4.98987
4.54828
4.10826
3.66977
3.23279
2.79728
2.36328
1.93064
1.49993
1.06973
0.646435
0.206644
62.0438
60.8602
58.7431
56.745
55.0394
53.4128
51.8483
50.4288
49.1743
48.0582
47.0558
46.1525
45.3338
44.5832
43.8845
43.2244
42.5918
41.9779
41.376
40.7814
40.1907
39.6018
39.0135
38.4254
37.8371
37.2488
36.6607
36.0731
35.4865
34.9011
34.3173
33.7354
33.1558
32.5785
32.0039
31.4321
30.8631
30.2971
29.7342
29.1743
28.6175
28.0638
27.5131
26.9656
26.4211
25.8797
25.3413
24.8059
24.2735
23.744
23.2175
22.6938
22.1729
21.6548
21.1395
20.6269
20.117
19.6097
19.1051
18.603
18.1034
17.6062
17.1115
16.6193
16.1293
15.6417
15.1564
14.6734
14.1925
13.7138
13.2373
12.7629
12.2906
11.8203
11.352
10.8857
10.4214
9.95893
9.49839
9.03972
8.58287
8.12782
7.67455
7.22303
6.77322
6.32511
5.87866
5.43385
4.99065
4.54904
4.10898
3.67046
3.23344
2.79789
2.36382
1.93112
1.50029
1.07011
0.646792
0.206073
61.2385
60.1814
58.3469
56.5556
54.9593
53.4089
51.8993
50.5106
49.2731
48.1684
47.1729
46.2712
45.4499
44.6939
43.9885
43.3208
42.68
42.0579
41.448
40.8457
40.2478
39.6525
39.0585
38.4653
37.8727
37.2806
36.6893
36.0989
35.5098
34.9223
34.3366
33.7531
33.1719
32.5933
32.0175
31.4446
30.8747
30.3079
29.7442
29.1836
28.6262
28.072
27.5209
26.9729
26.4281
25.8863
25.3475
24.8118
24.2791
23.7493
23.2225
22.6986
22.1775
21.6592
21.1437
20.6309
20.1209
19.6134
19.1086
18.6063
18.1066
17.6094
17.1146
16.6222
16.1321
15.6444
15.159
14.6758
14.1949
13.7161
13.2395
12.765
12.2926
11.8222
11.3539
10.8875
10.4231
9.96057
9.49996
9.04122
8.58432
8.12921
7.67589
7.22431
6.77446
6.3263
5.87981
5.43495
4.99171
4.55006
4.10996
3.67139
3.23432
2.7987
2.36451
1.9317
1.50046
1.07026
0.644646
0.208395
60.6193
59.6485
58.0045
56.3683
54.8514
53.3562
51.8999
50.5538
49.3443
48.2575
47.2733
46.3773
45.5572
44.7994
44.0904
43.4178
42.7714
42.1431
41.5269
40.9183
40.3144
39.7135
39.1143
38.5165
37.9196
37.3238
36.7291
36.1357
35.5438
34.9538
34.3659
33.7803
33.1973
32.617
32.0397
31.4654
30.8943
30.3263
29.7616
29.2001
28.6418
28.0868
27.5349
26.9862
26.4407
25.8983
25.359
24.8227
24.2895
23.7593
23.232
22.7076
22.1861
21.6675
21.1516
20.6385
20.1282
19.6204
19.1153
18.6128
18.1129
17.6154
17.1204
16.6277
16.1375
15.6496
15.164
14.6807
14.1996
13.7206
13.2439
12.7692
12.2967
11.8262
11.3577
10.8912
10.4267
9.96411
9.50341
9.04457
8.58757
8.13239
7.67898
7.22733
6.7774
6.32917
5.88261
5.43769
4.99439
4.55268
4.11253
3.6739
3.23675
2.80106
2.36673
1.93378
1.50204
1.07173
0.643251
0.212413
60.1817
59.2598
57.7056
56.1575
54.7068
53.267
51.8617
50.5558
49.3734
48.3046
47.3335
46.4469
45.6325
44.8769
44.1671
43.4916
42.8408
42.207
41.5848
40.9701
40.3605
39.7541
39.15
38.5476
37.9468
37.3475
36.7497
36.1536
35.5595
34.9674
34.3778
33.7907
33.2064
32.625
32.0468
31.4717
30.8998
30.3313
29.7661
29.2042
28.6455
28.0902
27.538
26.9891
26.4434
25.9007
25.3612
24.8248
24.2914
23.761
23.2336
22.7091
22.1875
21.6688
21.1528
20.6396
20.1292
19.6214
19.1162
18.6136
18.1136
17.6161
17.121
16.6283
16.1381
15.6501
15.1645
14.6811
14.1999
13.721
13.2442
12.7695
12.2969
11.8264
11.3579
10.8914
10.4268
9.96419
9.50347
9.04461
8.58759
8.13239
7.67896
7.22729
6.77735
6.32911
5.88255
5.43763
4.99432
4.55261
4.11246
3.67383
3.23669
2.80099
2.36664
1.93364
1.50169
1.07133
0.641566
0.213595
59.9213
59.0435
57.5526
56.0749
54.682
53.2823
51.9061
50.6224
49.4557
48.3976
47.4348
46.555
45.7451
44.9913
44.2804
43.6014
42.9453
42.3051
41.6758
41.0539
40.4371
39.8239
39.2134
38.6052
37.9989
37.3945
36.7921
36.1918
35.5938
34.9983
34.4056
33.8157
33.229
32.6454
32.0652
31.4884
30.915
30.3451
29.7786
29.2155
28.6559
28.0996
27.5466
26.9969
26.4505
25.9072
25.3672
24.8302
24.2964
23.7656
23.2378
22.713
22.1911
21.6721
21.1559
20.6425
20.1318
19.6238
19.1184
18.6157
18.1155
17.6178
17.1226
16.6298
16.1394
15.6514
15.1656
14.6822
14.2009
13.7219
13.245
12.7703
12.2977
11.8271
11.3585
10.892
10.4274
9.96471
9.50395
9.04507
8.58802
8.13279
7.67935
7.22766
6.7777
6.32945
5.88287
5.43795
4.99465
4.55295
4.11281
3.67421
3.2371
2.80146
2.3672
1.93431
1.50267
1.07234
0.644176
0.211779
59.8951
58.846
57.2761
55.8397
54.5114
53.155
51.8108
50.5585
49.42
48.3832
47.4349
46.5651
45.7627
45.014
44.306
43.6279
42.9711
42.3293
41.6979
41.0736
40.4544
39.8389
39.2263
38.616
38.0078
37.4017
36.7978
36.1962
35.597
35.0005
34.4069
33.8163
33.2289
32.6448
32.064
31.4868
30.9129
30.3426
29.7757
29.2123
28.6523
28.0956
27.5423
26.9924
26.4456
25.9022
25.3619
24.8248
24.2907
23.7598
23.2319
22.7069
22.1849
21.6658
21.1495
20.636
20.1252
19.6172
19.1118
18.609
18.1088
17.611
17.1158
16.623
16.1326
15.6446
15.1588
14.6754
14.1942
13.7152
13.2384
12.7637
12.2911
11.8205
11.352
10.8855
10.421
9.9584
9.4977
9.03888
8.5819
8.12674
7.67336
7.22175
6.77187
6.3237
5.87721
5.43238
4.98917
4.54758
4.10757
3.66911
3.23219
2.79676
2.36286
1.93033
1.49981
1.0698
0.647904
0.20439
61.0713
59.5619
57.6328
56.0539
54.6705
53.2678
51.8867
50.6184
49.4808
48.4516
47.512
46.6503
45.8543
45.11
44.4038
43.7248
43.0649
42.4181
41.7802
41.1487
40.5219
39.8985
39.2781
38.6604
38.0452
37.4327
36.823
36.2161
35.6124
35.012
34.4149
33.8214
33.2315
32.6452
32.0627
31.4839
30.9088
30.3374
29.7696
29.2054
28.6448
28.0877
27.5341
26.9838
26.4369
25.8933
25.353
24.8159
24.2819
23.7511
23.2233
22.6985
22.1766
21.6577
21.1416
20.6282
20.1177
19.6098
19.1046
18.602
18.102
17.6045
17.1095
16.6169
16.1266
15.6388
15.1533
14.67
14.189
13.7102
13.2335
12.759
12.2866
11.8162
11.3478
10.8815
10.4171
9.95465
9.4941
9.03541
8.57856
8.12353
7.67028
7.21879
6.76903
6.32098
5.87461
5.4299
4.98682
4.54535
4.10548
3.66718
3.23044
2.79525
2.36163
1.92948
1.49939
1.06972
0.646741
0.205839
66.8594
62.5196
58.964
56.814
55.0279
53.221
51.5342
50.0732
48.8129
47.7052
46.7235
45.8505
45.0666
44.3512
43.6863
43.0573
42.4522
41.8622
41.2803
40.7022
40.125
39.547
38.9674
38.3861
37.8033
37.2193
36.6346
36.0499
35.4656
34.8821
34.3001
33.7197
33.1413
32.5652
31.9916
31.4206
30.8524
30.2871
29.7248
29.1654
28.6091
28.0558
27.5056
26.9584
26.4143
25.8732
25.3351
24.8
24.2678
23.7386
23.2122
22.6887
22.1681
21.6502
21.135
20.6226
20.1128
19.6057
19.1012
18.5992
18.0997
17.6027
17.1081
16.6159
16.1261
15.6385
15.1533
14.6703
14.1896
13.711
13.2345
12.7602
12.2879
11.8177
11.3495
10.8833
10.419
9.95659
9.49611
9.03748
8.58068
8.12569
7.67246
7.22098
6.77122
6.32315
5.87674
5.43197
4.98881
4.54724
4.10723
3.66875
3.23178
2.7963
2.36231
1.9297
1.49883
1.06868
0.642466
0.210615
63.612
61.1633
58.5691
56.6734
55.0126
53.3033
51.6587
50.2012
48.9328
47.8152
46.8232
45.9398
45.1461
44.4218
43.7485
43.1116
42.4993
41.9027
41.315
40.7319
40.1503
39.5686
38.986
38.4022
37.8173
37.2316
36.6455
36.0597
35.4744
34.8902
34.3074
33.7265
33.1477
32.5712
31.9973
31.426
30.8576
30.2921
29.7296
29.17
28.6135
28.0601
27.5097
26.9624
26.4182
25.8769
25.3387
24.8035
24.2712
23.7418
23.2154
22.6918
22.171
21.653
21.1378
20.6253
20.1154
19.6082
19.1036
18.6015
18.102
17.6049
17.1103
16.618
16.1281
15.6406
15.1553
14.6722
14.1914
13.7128
13.2363
12.7619
12.2896
11.8193
11.3511
10.8848
10.4205
9.95806
9.49754
9.03888
8.58205
8.12702
7.67377
7.22226
6.77247
6.32437
5.87793
5.43314
4.98996
4.54836
4.10832
3.66982
3.23283
2.79732
2.36331
1.93067
1.49985
1.06961
0.644916
0.208976
62.0438
60.8602
58.743
56.745
55.0394
53.4128
51.8483
50.4287
49.1743
48.0582
47.0558
46.1526
45.3338
44.5831
43.8845
43.2244
42.5918
41.9779
41.3761
40.7814
40.1907
39.6018
39.0135
38.4254
37.8371
37.2488
36.6607
36.0731
35.4865
34.9011
34.3173
33.7354
33.1558
32.5786
32.0039
31.4321
30.8631
30.2971
29.7342
29.1743
28.6175
28.0638
27.5131
26.9656
26.4211
25.8797
25.3413
24.8059
24.2735
23.744
23.2175
22.6938
22.1729
21.6548
21.1395
20.6269
20.117
19.6097
19.1051
18.603
18.1034
17.6062
17.1115
16.6193
16.1293
15.6417
15.1564
14.6734
14.1925
13.7138
13.2373
12.7629
12.2906
11.8203
11.352
10.8857
10.4214
9.95893
9.49839
9.03972
8.58287
8.12782
7.67455
7.22303
6.77322
6.32511
5.87866
5.43385
4.99065
4.54904
4.10898
3.67046
3.23344
2.79789
2.36382
1.93112
1.50029
1.07011
0.646792
0.206073
61.0415
60.2309
58.4042
56.4922
54.8761
53.379
51.9104
50.5344
49.2976
48.1904
47.1906
46.2831
45.4561
44.6958
43.9878
43.3189
42.6781
42.0567
41.4479
40.8469
40.2503
39.656
39.063
38.4705
37.8785
37.2869
36.696
36.1058
35.5169
34.9294
34.3437
33.76
33.1787
32.5998
32.0237
31.4505
30.8803
30.3131
29.7491
29.1883
28.6307
28.0762
27.5248
26.9767
26.4316
25.8896
25.3507
24.8148
24.2819
23.752
23.225
22.7009
22.1797
21.6612
21.1456
20.6327
20.1225
19.615
19.11
18.6077
18.1079
17.6105
17.1157
16.6232
16.1331
15.6453
15.1599
14.6767
14.1957
13.7169
13.2402
12.7657
12.2933
11.8229
11.3545
10.8881
10.4237
9.96114
9.50052
9.04177
8.58485
8.12973
7.6764
7.22481
6.77495
6.32678
5.88028
5.43542
4.99218
4.55051
4.1104
3.67182
3.23473
2.79909
2.36487
1.93201
1.50079
1.07057
0.645459
0.20748
60.2343
59.5531
58.0107
56.3063
54.8004
53.3839
51.9768
50.6367
49.4191
48.3239
47.3297
46.4208
45.5867
44.8166
44.0979
43.4184
42.7674
42.1362
41.5181
40.9084
40.3039
39.7026
39.1035
38.5059
37.9096
37.3144
36.7206
36.1281
35.5372
34.9481
34.3609
33.776
33.1934
32.6135
32.0364
31.4623
30.8913
30.3235
29.7589
29.1975
28.6394
28.0845
27.5328
26.9843
26.4389
25.8966
25.3575
24.8213
24.2882
23.758
23.2308
22.7064
22.185
21.6664
21.1505
20.6375
20.1271
19.6194
19.1143
18.6118
18.1119
17.6144
17.1194
16.6269
16.1366
15.6488
15.1632
14.6799
14.1988
13.7199
13.2431
12.7685
12.296
11.8255
11.357
10.8906
10.426
9.96344
9.50275
9.04392
8.58693
8.13175
7.67835
7.22671
6.77679
6.32856
5.88201
5.4371
4.9938
4.55208
4.11191
3.67326
3.23608
2.80032
2.36588
1.93278
1.50071
1.07029
0.639992
0.213509
59.6116
59.0188
57.6705
56.1248
54.6992
53.3393
51.9897
50.6966
49.5095
48.4325
47.4481
46.5419
45.7051
44.929
44.2032
43.5162
42.8578
42.2193
41.5941
40.9776
40.3668
39.7599
39.1556
38.5535
37.9532
37.3547
36.7579
36.1629
35.5696
34.9784
34.3892
33.8024
33.2182
32.6367
32.0581
31.4827
30.9104
30.3415
29.7758
29.2135
28.6546
28.0989
27.5465
26.9974
26.4514
25.9085
25.3688
24.8321
24.2985
23.7678
23.2402
22.7154
22.1936
21.6746
21.1584
20.645
20.1344
19.6264
19.1211
18.6184
18.1182
17.6206
17.1254
16.6326
16.1422
15.6542
15.1684
14.685
14.2037
13.7247
13.2478
12.773
12.3004
11.8298
11.3612
10.8946
10.43
9.96729
9.5065
9.04758
8.59051
8.13525
7.68177
7.23005
6.78006
6.33176
5.88514
5.44017
4.99681
4.55503
4.11479
3.67607
3.23879
2.80291
2.36826
1.93488
1.50191
1.07122
0.635759
0.220777
59.1703
58.6286
57.3725
55.9162
54.557
53.254
51.9586
50.7091
49.5503
48.4909
47.5182
46.6197
45.7866
45.0106
44.2822
43.5908
42.9266
42.2815
41.6496
41.0264
40.4093
39.7966
39.1873
38.5807
37.9767
37.375
36.7754
36.178
35.5827
34.9897
34.399
33.8109
33.2256
32.6431
32.0638
31.4876
30.9148
30.3454
29.7794
29.2168
28.6576
28.1017
27.5491
26.9997
26.4536
25.9106
25.3707
24.8338
24.3001
23.7693
23.2415
22.7167
22.1947
21.6757
21.1594
20.646
20.1352
19.6272
19.1219
18.6191
18.1189
17.6212
17.1259
16.6331
16.1427
15.6546
15.1688
14.6853
14.2041
13.725
13.2481
12.7733
12.3006
11.8299
11.3613
10.8947
10.4301
9.96737
9.50656
9.04762
8.59052
8.13524
7.68175
7.23002
6.78001
6.33171
5.88508
5.4401
4.99674
4.55495
4.11472
3.676
3.23871
2.80281
2.36809
1.93461
1.50126
1.07045
0.632905
0.223184
58.9062
58.4096
57.2186
55.835
54.5363
53.2764
52.0133
50.7879
49.6448
48.5945
47.628
46.7343
45.9041
45.1282
44.397
43.7004
43.0294
42.3766
41.7366
41.1055
40.481
39.8615
39.246
38.6339
38.0248
37.4184
36.8146
36.2132
35.6143
35.018
34.4244
33.8336
33.2459
32.6614
32.0802
31.5025
30.9283
30.3576
29.7904
29.2268
28.6667
28.1099
27.5566
27.0065
26.4597
25.9161
25.3757
24.8384
24.3042
23.7731
23.245
22.7199
22.1977
21.6784
21.1619
20.6483
20.1374
19.6292
19.1237
18.6208
18.1204
17.6226
17.1272
16.6343
16.1438
15.6556
15.1698
14.6862
14.2049
13.7257
13.2488
12.7739
12.3012
11.8305
11.3619
10.8953
10.4306
9.96784
9.50701
9.04805
8.59094
8.13564
7.68213
7.23038
6.78037
6.33206
5.88543
5.44044
4.99708
4.55531
4.1151
3.67641
3.23918
2.80335
2.36876
1.93545
1.50257
1.07186
0.636346
0.220281
58.8786
58.2102
56.9375
55.5939
54.3603
53.1448
51.9157
50.7249
49.613
48.5853
47.6332
46.7489
45.9255
45.1545
44.4258
43.7294
43.0571
42.402
41.7593
41.1256
40.4987
39.877
39.2596
38.6458
38.035
37.427
36.8217
36.2189
35.6186
35.0211
34.4263
33.8346
33.2461
32.6609
32.0792
31.501
30.9263
30.3552
29.7877
29.2237
28.6631
28.1059
27.5522
27.0017
26.4546
25.9106
25.3699
24.8324
24.2979
23.7666
23.2383
22.7131
22.1908
21.6714
21.1548
20.6411
20.1302
19.6219
19.1163
18.6134
18.113
17.6151
17.1197
16.6268
16.1362
15.6481
15.1622
14.6786
14.1973
13.7182
13.2413
12.7665
12.2938
11.8232
11.3546
10.888
10.4234
9.96069
9.49992
9.04103
8.58398
8.12875
7.67532
7.22364
6.7737
6.32547
5.87893
5.43404
4.99079
4.54914
4.10908
3.67056
3.23356
2.79804
2.36398
1.9313
1.50028
1.07029
0.645273
0.207246
60.0477
58.9222
57.2918
55.8082
54.5212
53.2577
51.9896
50.7825
49.6719
48.6513
47.7061
46.8275
46.0088
45.2408
44.513
43.8152
43.139
42.4782
41.8285
41.187
40.552
39.9223
39.2971
38.676
38.0585
37.4444
36.8335
36.2258
35.6214
35.0203
34.4226
33.8284
33.238
32.6512
32.0683
31.4891
30.9138
30.3422
29.7742
29.2099
28.6491
28.0919
27.538
26.9876
26.4405
25.8967
25.3562
24.8188
24.2847
23.7537
23.2257
22.7008
22.1788
21.6598
21.1436
20.6302
20.1196
19.6117
19.1064
18.6037
18.1036
17.606
17.1109
16.6182
16.1279
15.64
15.1544
14.6711
14.19
13.7111
13.2344
12.7598
12.2873
11.8169
11.3485
10.8821
10.4177
9.95518
9.49458
9.03585
8.57897
8.12389
7.67061
7.21908
6.7693
6.32121
5.87481
5.43007
4.98697
4.54548
4.10559
3.66728
3.23053
2.79534
2.36175
1.92967
1.49978
1.07032
0.648349
0.203592
66.0639
61.8751
58.5896
56.6192
54.9301
53.1913
51.5493
50.1119
48.866
47.7706
46.7998
45.9351
45.1564
44.4433
43.7779
43.1461
42.5369
41.9415
41.3538
40.7696
40.1863
39.6026
39.0176
38.4313
37.8439
37.2558
36.6674
36.0794
35.4921
34.9061
34.3217
33.7393
33.1591
32.5814
32.0064
31.4342
30.8649
30.2987
29.7354
29.1753
28.6183
28.0644
27.5136
26.9659
26.4213
25.8798
25.3413
24.8059
24.2734
23.7438
23.2172
22.6935
22.1726
21.6545
21.1391
20.6265
20.1166
19.6093
19.1046
18.6024
18.1028
17.6056
17.1109
16.6186
16.1286
15.641
15.1557
14.6726
14.1917
13.713
13.2365
12.7621
12.2897
11.8194
11.3511
10.8848
10.4204
9.958
9.49746
9.03877
8.58191
8.12686
7.67358
7.22205
6.77223
6.32412
5.87767
5.43286
4.98966
4.54805
4.108
3.66949
3.23248
2.79695
2.3629
1.93025
1.49923
1.06906
0.642388
0.210709
62.815
60.4993
58.1798
56.4786
54.9213
53.2827
51.6854
50.2531
48.9992
47.893
46.9099
46.0323
45.2413
44.517
43.8418
43.2012
42.584
41.9817
41.3879
40.7986
40.2109
39.6234
39.0354
38.4465
37.8571
37.2673
36.6775
36.0883
35.5001
34.9133
34.3282
33.7452
33.1645
32.5864
32.011
31.4386
30.869
30.3026
29.7392
29.1789
28.6217
28.0677
27.5168
26.9691
26.4244
25.8828
25.3442
24.8087
24.2761
23.7465
23.2198
22.696
22.175
21.6569
21.1415
20.6288
20.1188
19.6115
19.1067
18.6045
18.1048
17.6076
17.1129
16.6205
16.1305
15.6429
15.1575
14.6744
14.1935
13.7147
13.2382
12.7637
12.2913
11.821
11.3527
10.8863
10.4219
9.95946
9.49888
9.04017
8.58328
8.1282
7.6749
7.22334
6.77351
6.32537
5.87889
5.43406
4.99084
4.54921
4.10914
3.6706
3.23357
2.79801
2.36393
1.93123
1.50022
1.06999
0.644455
0.209552
61.2385
60.1814
58.3469
56.5555
54.9594
53.409
51.8993
50.5105
49.273
48.1684
47.173
46.2714
45.4499
44.6939
43.9884
43.3207
42.68
42.0579
41.448
40.8457
40.2479
39.6525
39.0586
38.4653
37.8727
37.2806
36.6892
36.0989
35.5098
34.9223
34.3366
33.7531
33.1719
32.5933
32.0175
31.4446
30.8747
30.3079
29.7442
29.1836
28.6262
28.072
27.5209
26.9729
26.4281
25.8863
25.3475
24.8118
24.2791
23.7494
23.2225
22.6986
22.1775
21.6592
21.1437
20.6309
20.1209
19.6134
19.1086
18.6063
18.1066
17.6094
17.1146
16.6222
16.1321
15.6444
15.159
14.6758
14.1949
13.7161
13.2395
12.765
12.2926
11.8222
11.3539
10.8875
10.4231
9.96057
9.49996
9.04122
8.58432
8.12922
7.67589
7.22431
6.77446
6.3263
5.87981
5.43495
4.99171
4.55006
4.10996
3.67139
3.23432
2.7987
2.36451
1.9317
1.50046
1.07026
0.644646
0.208395
60.2343
59.5531
58.0107
56.3063
54.8005
53.3839
51.9768
50.6366
49.419
48.3239
47.3298
46.4209
45.5868
44.8166
44.0979
43.4184
42.7674
42.1362
41.5181
40.9084
40.304
39.7027
39.1035
38.5059
37.9096
37.3144
36.7206
36.1281
35.5372
34.9481
34.3609
33.776
33.1934
32.6135
32.0365
31.4624
30.8913
30.3235
29.7589
29.1975
28.6394
28.0845
27.5328
26.9843
26.4389
25.8966
25.3574
24.8213
24.2882
23.758
23.2308
22.7064
22.185
21.6664
21.1505
20.6375
20.1271
19.6194
19.1143
18.6118
18.1119
17.6144
17.1194
16.6269
16.1366
15.6488
15.1632
14.6799
14.1988
13.7199
13.2431
12.7685
12.296
11.8255
11.357
10.8906
10.426
9.96344
9.50275
9.04392
8.58693
8.13175
7.67835
7.22671
6.77679
6.32856
5.88201
5.4371
4.9938
4.55208
4.11191
3.67326
3.23608
2.80032
2.36588
1.93278
1.50071
1.07029
0.639993
0.213509
59.4264
58.8734
57.6122
56.1162
54.7251
53.3955
52.0562
50.7564
49.5601
48.4773
47.4881
46.5754
45.7308
44.947
44.2143
43.5217
42.8586
42.2162
41.5876
40.9682
40.3548
39.7456
39.1396
38.5362
37.9353
37.3366
36.7401
36.1456
35.5532
34.9629
34.3747
33.7889
33.2055
32.6248
32.047
31.4722
30.9005
30.3321
29.767
29.2053
28.6468
28.0917
27.5398
26.9911
26.4455
25.9031
25.3638
24.8275
24.2942
23.7638
23.2364
22.7119
22.1902
21.6714
21.1554
20.6422
20.1317
19.6239
19.1187
18.6161
18.116
17.6184
17.1233
16.6307
16.1404
15.6524
15.1667
14.6833
14.2021
13.7231
13.2463
12.7716
12.2989
11.8284
11.3598
10.8933
10.4287
9.96601
9.50525
9.04636
8.5893
8.13406
7.68061
7.22891
6.77893
6.33065
5.88405
5.43909
4.99573
4.55396
4.11372
3.67499
3.23768
2.80175
2.36699
1.93346
1.50001
1.06914
0.630629
0.223465
58.8016
58.3365
57.2687
55.9338
54.627
53.3576
52.0793
50.8295
49.6656
48.6019
47.622
46.7103
45.86
45.0669
44.3241
43.6217
42.9495
42.2986
41.6621
41.0353
40.415
39.7996
39.1881
38.5801
37.9752
37.3732
36.774
36.1773
35.5829
34.9908
34.401
33.8136
33.2287
32.6466
32.0674
31.4913
30.9185
30.349
29.7829
29.2202
28.661
28.1051
27.5526
27.0033
26.4572
25.9143
25.3744
24.8376
24.3039
23.7731
23.2452
22.7203
22.1983
21.6792
21.1629
20.6493
20.1386
19.6305
19.1251
18.6222
18.122
17.6242
17.129
16.6361
16.1457
15.6575
15.1717
14.6882
14.2069
13.7277
13.2508
12.776
12.3032
11.8326
11.3639
10.8973
10.4326
9.9698
9.50896
9.04998
8.59285
8.13754
7.68401
7.23224
6.78221
6.33387
5.88721
5.44219
4.99878
4.55694
4.11665
3.67783
3.24041
2.80431
2.36924
1.93529
1.50056
1.06923
0.624114
0.232736
58.3579
57.9444
56.9688
55.7241
54.4848
53.2742
52.0529
50.8494
49.7156
48.6698
47.7012
46.7959
45.9476
45.1526
44.4052
43.6968
43.0176
42.3594
41.7155
41.0815
40.4546
39.8333
39.2167
38.6044
37.9959
37.3909
36.7891
36.1902
35.5939
35.0002
34.4091
33.8205
33.2346
32.6516
32.0717
31.495
30.9217
30.3519
29.7855
29.2227
28.6632
28.1072
27.5545
27.0051
26.4589
25.9158
25.3758
24.8389
24.305
23.7741
23.2461
22.7211
22.199
21.6798
21.1634
20.6498
20.139
19.6309
19.1254
18.6225
18.1223
17.6245
17.1292
16.6363
16.1458
15.6576
15.1718
14.6882
14.2069
13.7277
13.2507
12.7759
12.3031
11.8324
11.3637
10.8971
10.4323
9.96957
9.50871
9.04972
8.59258
8.13725
7.68372
7.23195
6.7819
6.33356
5.8869
5.44188
4.99847
4.55664
4.11635
3.67753
3.2401
2.80396
2.36878
1.93467
1.49944
1.06794
0.620593
0.235397
58.0911
57.7223
56.8117
55.6411
54.4649
53.3004
52.1142
50.937
49.8198
48.783
47.8195
46.9178
46.0709
45.2744
44.5224
43.8069
43.1191
42.4516
41.7985
41.1559
40.5213
39.8932
39.2708
38.6533
38.0401
37.4309
36.8252
36.2226
35.6229
35.026
34.4318
33.8406
33.2524
32.6674
32.0858
31.5077
30.9332
30.3623
29.795
29.2313
28.6711
28.1144
27.561
27.011
26.4642
25.9205
25.38
24.8427
24.3084
23.7771
23.2489
22.7236
22.2013
21.6819
21.1653
20.6516
20.1407
19.6324
19.1268
18.6239
18.1235
17.6256
17.1302
16.6373
16.1467
15.6585
15.1725
14.6889
14.2075
13.7283
13.2513
12.7764
12.3036
11.8329
11.3642
10.8975
10.4328
9.96999
9.50911
9.05011
8.59295
8.13762
7.68407
7.23229
6.78224
6.33389
5.88723
5.44221
4.99881
4.557
4.11673
3.67796
3.24059
2.80456
2.36956
1.93569
1.50103
1.06968
0.62431
0.232212
58.0624
57.5215
56.5271
55.3951
54.285
53.1662
52.0151
50.8737
49.7889
48.7751
47.826
46.9338
46.0941
45.3028
44.5534
43.8379
43.1481
42.4775
41.8209
41.175
40.5378
39.9076
39.2836
38.6648
38.0506
37.4402
36.8332
36.2293
35.6282
35.0299
34.4345
33.8421
33.253
32.6673
32.0851
31.5066
30.9317
30.3604
29.7928
29.2287
28.6681
28.111
27.5571
27.0066
26.4593
25.9152
25.3743
24.8365
24.3019
23.7704
23.242
22.7165
22.1941
21.6746
21.1579
20.6441
20.1331
19.6247
19.1191
18.6161
18.1156
17.6177
17.1222
16.6292
16.1386
15.6503
15.1644
14.6807
14.1994
13.7202
13.2432
12.7683
12.2956
11.8249
11.3562
10.8896
10.4249
9.96222
9.5014
9.04247
8.58538
8.13012
7.67665
7.22494
6.77497
6.32671
5.88014
5.43522
4.99194
4.55026
4.11015
3.67159
3.23452
2.7989
2.36462
1.93168
1.49958
1.06935
0.636983
0.215434
59.2274
58.2329
56.8801
55.6045
54.4393
53.2732
52.0846
50.9287
49.8458
48.8378
47.8929
47.0037
46.1667
45.3776
44.629
43.9119
43.2183
42.5419
41.8781
41.2245
40.5794
39.9418
39.3107
38.6855
38.0654
37.4497
36.8379
36.2297
35.6249
35.0234
34.4254
33.8309
33.2401
32.6531
32.07
31.4908
30.9155
30.344
29.7762
29.212
28.6513
28.0941
27.5402
26.9897
26.4425
25.8986
25.3579
24.8204
24.2861
23.7549
23.2268
22.7018
22.1798
21.6607
21.1445
20.6311
20.1205
19.6126
19.1073
18.6046
18.1045
17.6069
17.1118
16.6191
16.1287
15.6408
15.1551
14.6718
14.1906
13.7117
13.235
12.7604
12.2879
11.8175
11.3491
10.8827
10.4182
9.95573
9.49512
9.03639
8.57949
8.12441
7.67111
7.21958
6.76977
6.32168
5.87527
5.43052
4.9874
4.54591
4.10601
3.6677
3.23094
2.79576
2.36217
1.93014
1.50017
1.07083
0.647924
0.20402
65.4543
61.3652
58.2632
56.4334
54.8207
53.135
51.5368
50.1311
48.9071
47.829
46.8727
46.0193
45.2485
44.5396
43.8754
43.2421
42.6293
42.029
41.4355
40.8452
40.2558
39.6662
39.0757
38.4843
37.8923
37.2999
36.7078
36.1163
35.526
34.9373
34.3504
33.7659
33.1838
32.6043
32.0278
31.4542
30.8837
30.3163
29.752
29.1909
28.6331
28.0784
27.5269
26.9785
26.4333
25.8912
25.3522
24.8162
24.2833
23.7533
23.2263
22.7021
22.1809
21.6624
21.1468
20.6338
20.1236
19.616
19.1111
18.6087
18.1088
17.6114
17.1165
16.624
16.1338
15.646
15.1605
14.6773
14.1963
13.7174
13.2407
12.7662
12.2937
11.8233
11.3549
10.8884
10.424
9.96143
9.50078
9.042
8.58505
8.12991
7.67655
7.22494
6.77506
6.32687
5.88035
5.43548
4.99222
4.55055
4.11045
3.67188
3.23482
2.79923
2.36511
1.93237
1.50116
1.07091
0.643394
0.211861
62.2042
59.9791
57.8447
56.2906
54.8104
53.2248
51.6745
50.2777
49.0477
47.9588
46.989
46.1211
45.3362
44.6148
43.9397
43.297
42.676
42.0686
41.4692
40.8738
40.2802
39.6871
39.0937
38.5
37.906
37.3121
36.7186
36.1261
35.5348
34.9452
34.3577
33.7725
33.1898
32.61
32.033
31.4591
30.8882
30.3206
29.7561
29.1949
28.6368
28.082
27.5303
26.9818
26.4365
25.8943
25.3551
24.8191
24.286
23.7559
23.2288
22.7046
22.1833
21.6648
21.149
20.636
20.1258
19.6181
19.1131
18.6107
18.1108
17.6134
17.1184
16.6259
16.1357
15.6478
15.1623
14.679
14.1979
13.7191
13.2424
12.7678
12.2952
11.8248
11.3564
10.8899
10.4254
9.96284
9.50217
9.04337
8.5864
8.13124
7.67786
7.22622
6.77632
6.32811
5.88157
5.43668
4.9934
4.55172
4.11159
3.673
3.23591
2.8003
2.36613
1.93335
1.50207
1.07179
0.644923
0.211412
60.6193
59.6485
58.0045
56.3683
54.8514
53.3562
51.8999
50.5537
49.3443
48.2576
47.2734
46.3775
45.5573
44.7994
44.0903
43.4176
42.7713
42.1431
41.5269
40.9183
40.3145
39.7135
39.1144
38.5165
37.9196
37.3238
36.729
36.1356
35.5438
34.9538
34.3659
33.7803
33.1973
32.6171
32.0397
31.4654
30.8943
30.3263
29.7616
29.2001
28.6418
28.0867
27.5349
26.9862
26.4407
25.8983
25.359
24.8228
24.2895
23.7593
23.232
22.7076
22.1861
21.6675
21.1516
20.6385
20.1282
19.6204
19.1153
18.6128
18.1129
17.6154
17.1203
16.6277
16.1375
15.6496
15.164
14.6807
14.1996
13.7206
13.2439
12.7692
12.2967
11.8262
11.3577
10.8912
10.4267
9.96411
9.50341
9.04457
8.58757
8.13239
7.67898
7.22733
6.7774
6.32917
5.88261
5.43769
4.99439
4.55268
4.11253
3.6739
3.23675
2.80105
2.36673
1.93378
1.50204
1.07173
0.643251
0.212414
59.6116
59.0188
57.6705
56.1247
54.6992
53.3393
51.9896
50.6965
49.5094
48.4325
47.4482
46.5421
45.7052
44.929
44.203
43.516
42.8576
42.2192
41.5941
40.9777
40.367
39.76
39.1557
38.5535
37.9532
37.3547
36.7578
36.1628
35.5695
34.9783
34.3892
33.8024
33.2182
32.6367
32.0582
31.4827
30.9105
30.3415
29.7758
29.2135
28.6546
28.0989
27.5465
26.9973
26.4514
25.9085
25.3688
24.8321
24.2985
23.7678
23.2402
22.7154
22.1936
21.6746
21.1584
20.6451
20.1344
19.6264
19.1211
18.6184
18.1182
17.6206
17.1254
16.6326
16.1422
15.6542
15.1684
14.685
14.2037
13.7247
13.2478
12.773
12.3004
11.8298
11.3612
10.8946
10.43
9.96729
9.5065
9.04759
8.59051
8.13525
7.68177
7.23005
6.78006
6.33176
5.88514
5.44017
4.9968
4.55502
4.11479
3.67607
3.23879
2.80291
2.36826
1.93488
1.50191
1.07122
0.63576
0.220779
58.8016
58.3365
57.2687
55.9338
54.627
53.3576
52.0792
50.8294
49.6656
48.6019
47.6221
46.7104
45.8601
45.0669
44.324
43.6215
42.9494
42.2985
41.6621
41.0353
40.4151
39.7997
39.1882
38.5801
37.9752
37.3732
36.7739
36.1772
35.5828
34.9908
34.401
33.8136
33.2288
32.6466
32.0674
31.4913
30.9185
30.349
29.7829
29.2202
28.661
28.1051
27.5526
27.0033
26.4572
25.9143
25.3744
24.8376
24.3039
23.7731
23.2452
22.7203
22.1983
21.6792
21.1629
20.6493
20.1386
19.6305
19.1251
18.6222
18.122
17.6242
17.129
16.6361
16.1457
15.6575
15.1717
14.6882
14.2069
13.7277
13.2508
12.776
12.3032
11.8326
11.3639
10.8973
10.4326
9.96981
9.50896
9.04998
8.59285
8.13754
7.68402
7.23225
6.78221
6.33387
5.88721
5.44219
4.99878
4.55694
4.11665
3.67783
3.24041
2.80431
2.36924
1.93529
1.50056
1.06923
0.624116
0.232738
58.1745
57.7966
56.9227
55.7524
54.534
53.3277
52.1123
50.9145
49.7848
48.741
47.7704
46.8583
45.9997
45.1942
44.4381
43.7234
43.0405
42.38
41.7349
41.1
40.4724
39.8504
39.2332
38.6203
38.0115
37.4064
36.8047
36.2061
35.6101
35.0166
34.4255
33.8368
33.2507
32.6673
32.0868
31.5095
30.9355
30.3649
29.7978
29.2343
28.6743
28.1177
27.5645
27.0147
26.468
25.9246
25.3843
24.847
24.3128
23.7816
23.2534
22.7281
22.2057
21.6863
21.1697
20.6559
20.1448
19.6365
19.1309
18.6279
18.1275
17.6296
17.1342
16.6412
16.1506
15.6624
15.1764
14.6928
14.2113
13.7321
13.2551
12.7801
12.3073
11.8365
11.3678
10.901
10.4363
9.97343
9.51251
9.05346
8.59627
8.14089
7.68731
7.23549
6.7854
6.33701
5.8903
5.44523
5.00176
4.55988
4.11951
3.68061
3.24306
2.80676
2.3713
1.93681
1.50061
1.06871
0.616997
0.242037
57.7284
57.4025
56.6216
55.5435
54.3948
53.249
52.0925
50.9429
49.8447
48.8194
47.8595
46.9526
46.094
45.2844
44.5216
43.7992
43.108
42.4393
41.7862
41.1439
40.5095
39.8815
39.2591
38.642
38.0296
37.4217
36.8176
36.217
35.6193
35.0244
34.432
33.8422
33.2551
32.6709
32.0899
31.5121
30.9377
30.3669
29.7996
29.236
28.6759
28.1192
27.5659
27.016
26.4692
25.9256
25.3852
24.8478
24.3134
23.7821
23.2537
22.7284
22.2059
21.6864
21.1697
20.6559
20.1448
19.6365
19.1309
18.6278
18.1274
17.6295
17.1341
16.6411
16.1504
15.6622
15.1762
14.6925
14.211
13.7318
13.2547
12.7797
12.3069
11.8361
11.3673
10.9006
10.4358
9.97295
9.51202
9.05296
8.59576
8.14038
7.6868
7.23497
6.78488
6.33649
5.88978
5.44472
5.00126
4.55938
4.11902
3.68011
3.24254
2.80619
2.3706
1.93591
1.49917
1.06707
0.613523
0.244137
57.4592
57.1774
56.4619
55.4595
54.3763
53.279
52.1599
51.0388
49.9585
48.9423
47.987
47.0823
46.2238
45.411
44.6419
43.9106
43.2091
42.5297
41.8661
41.2143
40.5717
39.9368
39.3087
38.6866
38.0701
37.4582
36.8505
36.2463
35.6453
35.0472
34.4519
33.8594
33.2701
32.684
32.1013
31.5222
30.9468
30.3752
29.8072
29.2429
28.6822
28.125
27.5711
27.0206
26.4733
25.9293
25.3883
24.8505
24.3158
23.7841
23.2555
22.7299
22.2073
21.6877
21.1709
20.657
20.1458
19.6374
19.1317
18.6287
18.1282
17.6302
17.1347
16.6417
16.151
15.6627
15.1767
14.6929
14.2115
13.7322
13.2551
12.7801
12.3072
11.8364
11.3677
10.9009
10.4361
9.97328
9.51234
9.05329
8.59608
8.14069
7.6871
7.23527
6.78518
6.33679
5.89008
5.44502
5.00158
4.55972
4.11939
3.68054
3.24305
2.80682
2.37144
1.93703
1.50092
1.069
0.617295
0.241026
57.4299
56.976
56.1756
55.2116
54.1955
53.145
52.0616
50.9769
49.9295
48.9364
47.9953
47.1001
46.2491
45.442
44.6758
43.9443
43.2403
42.5569
41.889
41.2332
40.5874
39.9502
39.3206
38.6977
38.0803
37.4677
36.8589
36.2535
35.651
35.0513
34.4546
33.8608
33.2704
32.6834
32.1001
31.5206
30.9449
30.3729
29.8047
29.2401
28.679
28.1213
27.567
27.016
26.4682
25.9236
25.3822
24.844
24.309
23.777
23.2482
22.7225
22.1998
21.68
21.1632
20.6492
20.138
19.6296
19.1238
18.6206
18.1201
17.622
17.1265
16.6334
16.1427
15.6543
15.1683
14.6846
14.2031
13.7238
13.2468
12.7718
12.299
11.8283
11.3596
10.8929
10.4281
9.96536
9.50449
9.04551
8.58837
8.13305
7.67953
7.22777
6.77775
6.32945
5.88283
5.43787
4.99454
4.55282
4.11266
3.67404
3.23688
2.80115
2.36662
1.93337
1.50018
1.06959
0.631155
0.223427
58.5918
57.6862
56.5269
55.4175
54.3473
53.2523
52.1336
51.0353
49.9895
49.0006
48.061
47.1661
46.3161
45.5104
44.7447
44.0118
43.3038
42.6141
41.9385
41.2743
40.6202
39.9752
39.3386
38.7094
38.0864
37.4688
36.8555
36.2461
35.64
35.0373
34.4381
33.8424
33.2505
32.6626
32.0787
31.4989
30.9232
30.3513
29.7833
29.2188
28.6579
28.1005
27.5464
26.9955
26.448
25.9037
25.3626
24.8248
24.2903
23.7588
23.2306
22.7054
22.1833
21.6641
21.1479
20.6344
20.1238
19.6158
19.1105
18.6078
18.1076
17.61
17.1148
16.622
16.1316
15.6436
15.1579
14.6745
14.1933
13.7143
13.2375
12.7629
12.2904
11.8199
11.3514
10.885
10.4205
9.95798
9.49734
9.03856
8.58163
8.12651
7.67318
7.2216
6.77176
6.32363
5.87719
5.4324
4.98926
4.54774
4.10782
3.66947
3.2327
2.79749
2.36387
1.93179
1.50155
1.07212
0.647385
0.206564
65.0232
60.994
57.9845
56.2399
54.6906
53.0547
51.4979
50.1242
48.9239
47.8643
46.9234
46.0823
45.3201
44.6164
43.954
43.3199
42.7042
42.0994
41.5006
40.9045
40.3092
39.7138
39.1179
38.5214
37.9248
37.3284
36.7326
36.138
35.5449
34.9537
34.3649
33.7785
33.1949
32.6142
32.0365
31.4619
30.8905
30.3224
29.7575
29.1959
28.6376
28.0825
27.5306
26.9819
26.4365
25.8941
25.3549
24.8187
24.2856
23.7555
23.2283
22.704
22.1827
21.6641
21.1483
20.6353
20.125
19.6174
19.1123
18.6099
18.1099
17.6125
17.1175
16.625
16.1348
15.6469
15.1614
14.6781
14.197
13.7181
13.2414
12.7668
12.2943
11.8238
11.3554
10.889
10.4245
9.96189
9.50122
9.04241
8.58544
8.13028
7.67691
7.22528
6.77538
6.32718
5.88065
5.43577
4.99251
4.55084
4.11073
3.67217
3.23511
2.79953
2.3654
1.93266
1.50136
1.07108
0.643164
0.211933
61.7732
59.6001
57.5544
56.0858
54.6702
53.137
51.6318
50.27
49.0647
47.9942
47.0394
46.1832
45.4065
44.6897
44.0159
43.3719
42.7475
42.1355
41.5306
40.9295
40.3302
39.7315
39.1329
38.5344
37.9361
37.3383
36.7414
36.1459
35.552
34.9602
34.3707
33.7838
33.1997
32.6186
32.0406
31.4657
30.8941
30.3258
29.7608
29.199
28.6406
28.0853
27.5333
26.9846
26.439
25.8965
25.3572
24.8209
24.2877
23.7575
23.2303
22.7059
22.1845
21.6659
21.1501
20.637
20.1267
19.619
19.1139
18.6114
18.1115
17.614
17.119
16.6264
16.1362
15.6483
15.1627
14.6794
14.1983
13.7194
13.2427
12.768
12.2955
11.825
11.3565
10.8901
10.4256
9.96297
9.50228
9.04346
8.58647
8.1313
7.6779
7.22626
6.77634
6.32813
5.88158
5.43669
4.99341
4.55173
4.11161
3.67302
3.23594
2.80034
2.36616
1.93337
1.50198
1.07168
0.644184
0.211647
60.1817
59.2598
57.7056
56.1575
54.7068
53.267
51.8617
50.5557
49.3733
48.3046
47.3336
46.4471
45.6325
44.8769
44.167
43.4915
42.8407
42.207
41.5849
40.9702
40.3605
39.7541
39.15
38.5476
37.9468
37.3474
36.7497
36.1536
35.5594
34.9674
34.3778
33.7907
33.2064
32.625
32.0468
31.4717
30.8999
30.3313
29.7661
29.2042
28.6455
28.0902
27.538
26.9891
26.4433
25.9007
25.3612
24.8248
24.2914
23.761
23.2336
22.7091
22.1875
21.6688
21.1528
20.6396
20.1292
19.6214
19.1162
18.6136
18.1136
17.6161
17.121
16.6283
16.1381
15.6501
15.1645
14.6811
14.1999
13.721
13.2442
12.7695
12.2969
11.8264
11.3579
10.8914
10.4268
9.96419
9.50347
9.04461
8.58759
8.13239
7.67896
7.2273
6.77735
6.32911
5.88255
5.43763
4.99432
4.55261
4.11246
3.67383
3.23669
2.80099
2.36664
1.93364
1.50169
1.07133
0.641566
0.213595
59.1703
58.6287
57.3725
55.9162
54.557
53.254
51.9586
50.709
49.5503
48.4909
47.5184
46.6199
45.7867
45.0106
44.282
43.5906
42.9264
42.2815
41.6496
41.0265
40.4095
39.7967
39.1873
38.5808
37.9767
37.3749
36.7753
36.1779
35.5826
34.9896
34.399
33.8109
33.2256
32.6432
32.0638
31.4877
30.9149
30.3454
29.7794
29.2168
28.6576
28.1017
27.5491
26.9997
26.4536
25.9105
25.3707
24.8338
24.3001
23.7693
23.2415
22.7167
22.1947
21.6757
21.1594
20.646
20.1353
19.6272
19.1219
18.6191
18.1189
17.6212
17.1259
16.6331
16.1427
15.6546
15.1688
14.6853
14.2041
13.725
13.2481
12.7733
12.3006
11.8299
11.3613
10.8947
10.4301
9.96737
9.50656
9.04762
8.59053
8.13525
7.68175
7.23002
6.78001
6.33171
5.88508
5.4401
4.99674
4.55495
4.11472
3.67599
3.23871
2.8028
2.36809
1.93461
1.50126
1.07045
0.632906
0.223185
58.3579
57.9444
56.9688
55.7241
54.4848
53.2742
52.0529
50.8493
49.7155
48.6699
47.7013
46.7961
45.9477
45.1525
44.405
43.6965
43.0175
42.3593
41.7155
41.0816
40.4548
39.8335
39.2168
38.6044
37.9958
37.3908
36.789
36.1901
35.5939
35.0002
34.4091
33.8205
33.2346
32.6516
32.0717
31.4951
30.9218
30.3519
29.7855
29.2227
28.6632
28.1072
27.5545
27.0051
26.4589
25.9158
25.3758
24.8389
24.305
23.7741
23.2461
22.7211
22.199
21.6798
21.1634
20.6498
20.139
19.6309
19.1254
18.6225
18.1223
17.6245
17.1292
16.6363
16.1458
15.6576
15.1718
14.6882
14.2069
13.7277
13.2507
12.7759
12.3031
11.8324
11.3637
10.8971
10.4323
9.96957
9.50871
9.04972
8.59258
8.13726
7.68372
7.23195
6.78191
6.33357
5.8869
5.44188
4.99847
4.55664
4.11635
3.67753
3.24009
2.80396
2.36878
1.93467
1.49944
1.06794
0.620595
0.235399
57.7284
57.4025
56.6216
55.5435
54.3948
53.249
52.0925
50.9429
49.8447
48.8194
47.8596
46.9527
46.0941
45.2844
44.5215
43.799
43.1079
42.4393
41.7862
41.144
40.5096
39.8816
39.2592
38.642
38.0296
37.4216
36.8176
36.2169
35.6193
35.0243
34.432
33.8422
33.2552
32.671
32.0899
31.5121
30.9377
30.3669
29.7996
29.236
28.6759
28.1192
27.5659
27.016
26.4692
25.9256
25.3852
24.8478
24.3134
23.7821
23.2537
22.7284
22.2059
21.6864
21.1697
20.6559
20.1448
19.6365
19.1309
18.6279
18.1274
17.6295
17.1341
16.6411
16.1504
15.6622
15.1762
14.6925
14.211
13.7318
13.2547
12.7797
12.3069
11.8361
11.3673
10.9006
10.4358
9.97295
9.51202
9.05297
8.59576
8.14038
7.6868
7.23497
6.78488
6.33649
5.88978
5.44472
5.00126
4.55938
4.11902
3.68011
3.24254
2.80619
2.3706
1.93591
1.49917
1.06707
0.613525
0.244138
57.2803
57.007
56.3204
55.3361
54.2584
53.1742
52.0778
50.9777
49.9118
48.9048
47.9549
47.0518
46.1918
45.3766
44.6059
43.8746
43.1745
42.497
41.8355
41.1854
40.5439
39.9098
39.2822
38.6608
38.0452
37.4345
36.8284
36.226
35.6268
35.0306
34.4371
33.8463
33.2584
32.6736
32.0919
31.5138
30.9391
30.3682
29.8009
29.2372
28.677
28.1203
27.567
27.017
26.4701
25.9264
25.3858
24.8483
24.3138
23.7823
23.2538
22.7283
22.2058
21.6862
21.1695
20.6556
20.1446
19.6362
19.1305
18.6275
18.1271
17.6291
17.1337
16.6406
16.15
15.6617
15.1757
14.692
14.2105
13.7312
13.2541
12.7791
12.3063
11.8354
11.3667
10.8999
10.4351
9.97226
9.51132
9.05226
8.59506
8.13967
7.68608
7.23426
6.78417
6.33578
5.88908
5.44402
5.00057
4.5587
4.11834
3.67943
3.24184
2.80543
2.3697
1.9348
1.49752
1.06524
0.610103
0.245754
57.0091
56.78
56.1593
55.2519
54.2413
53.2075
52.1507
51.0811
50.0341
49.0359
48.0893
47.1869
46.3255
45.506
44.728
43.987
43.2758
42.5867
41.9139
41.2535
40.6031
39.9616
39.3281
38.7019
38.0821
37.4679
36.8584
36.2528
35.6505
35.0513
34.455
33.8617
33.2716
32.6849
32.1018
31.5224
30.9469
30.3752
29.8072
29.243
28.6823
28.1251
27.5713
27.0208
26.4734
25.9292
25.3882
24.8503
24.3155
23.7837
23.255
22.7294
22.2067
21.6871
21.1703
20.6563
20.1452
19.6368
19.1311
18.6281
18.1276
17.6296
17.1341
16.641
16.1504
15.662
15.176
14.6923
14.2108
13.7315
13.2544
12.7794
12.3066
11.8358
11.367
10.9002
10.4355
9.97262
9.51169
9.05263
8.59543
8.14005
7.68646
7.23463
6.78455
6.33617
5.88946
5.44441
5.00098
4.55913
4.11881
3.67996
3.24245
2.80618
2.37067
1.93607
1.49943
1.06736
0.613957
0.242768
56.9797
56.5787
55.8728
55.0033
54.0599
53.0731
52.0524
51.02
50.0069
49.0324
48.0995
47.2058
46.3511
45.5367
44.7613
44.0199
43.3058
42.6125
41.9351
41.2704
40.6168
39.9731
39.3383
38.7114
38.0913
37.4765
36.8662
36.2595
35.6559
35.0552
34.4574
33.8628
33.2716
32.684
32.1003
31.5205
30.9447
30.3727
29.8045
29.24
28.6789
28.1213
27.567
27.0159
26.468
25.9233
25.3818
24.8435
24.3084
23.7764
23.2475
22.7217
22.199
21.6792
21.1624
20.6485
20.1373
19.6289
19.1231
18.62
18.1194
17.6214
17.1258
16.6327
16.142
15.6536
15.1676
14.6838
14.2024
13.7231
13.246
12.7711
12.2983
11.8276
11.3589
10.8922
10.4275
9.96476
9.5039
9.04493
8.5878
8.1325
7.67898
7.22724
6.77723
6.32894
5.88233
5.43738
4.99407
4.55236
4.11222
3.67361
3.23646
2.80071
2.36611
1.93274
1.4991
1.0684
0.627911
0.225395
58.1394
57.2886
56.2258
55.2125
54.2164
53.1855
52.1289
51.0825
50.0715
49.1016
48.1699
47.2751
46.4195
45.6047
44.8282
44.0841
43.3651
42.6648
41.9791
41.3058
40.6439
39.9926
39.3511
38.7184
38.093
37.4736
36.8591
36.2486
35.6416
35.038
34.4379
33.8415
33.249
32.6608
32.0767
31.4969
30.9212
30.3496
29.7817
29.2175
28.6567
28.0993
27.5452
26.9943
26.4467
25.9023
25.3612
24.8233
24.2886
23.7572
23.229
22.7038
22.1817
21.6627
21.1465
20.6331
20.1226
19.6147
19.1094
18.6068
18.1067
17.6091
17.1139
16.6212
16.1308
15.6428
15.1571
14.6737
14.1926
13.7137
13.2369
12.7623
12.2898
11.8194
11.351
10.8846
10.4201
9.95761
9.49699
9.03824
8.58133
8.12622
7.67291
7.22135
6.77152
6.32341
5.87698
5.43221
4.98909
4.54758
4.10768
3.66937
3.23262
2.79743
2.3638
1.93171
1.50132
1.07181
0.646252
0.207232
64.7669
60.7848
57.8341
56.1519
54.6539
53.0524
51.5199
50.1657
48.982
47.9366
47.008
46.177
45.4225
44.7235
44.063
43.4279
42.809
42.1993
41.5943
40.9914
40.3891
39.7867
39.184
38.5812
37.9786
37.3768
36.7761
36.1771
35.58
34.9853
34.3933
33.8041
33.218
32.635
32.0553
31.479
30.906
30.3364
29.7702
29.2075
28.648
28.092
27.5393
26.9898
26.4436
25.9006
25.3608
24.8241
24.2905
23.76
23.2324
22.7078
22.1861
21.6673
21.1512
20.638
20.1274
19.6195
19.1143
18.6117
18.1116
17.614
17.1189
16.6262
16.1359
15.648
15.1623
14.6789
14.1978
13.7189
13.2421
12.7674
12.2948
11.8243
11.3558
10.8894
10.4248
9.96222
9.50152
9.04269
8.5857
8.13052
7.67712
7.22548
6.77557
6.32736
5.88083
5.43595
4.9927
4.55104
4.11095
3.67241
3.23539
2.79986
2.36579
1.93312
1.50198
1.0717
0.64426
0.212044
61.518
59.391
57.4064
56.004
54.6423
53.1448
51.6646
50.3221
49.1322
48.0743
47.1304
46.2835
45.5137
44.8008
44.1279
43.4821
42.8539
42.2364
41.6252
41.0172
40.4108
39.8051
39.1999
38.5951
37.991
37.3878
36.7861
36.1861
35.5882
34.9928
34.4001
33.8103
33.2237
32.6403
32.0602
31.4836
30.9103
30.3405
29.7742
29.2112
28.6516
28.0954
27.5425
26.9929
26.4466
25.9035
25.3635
24.8267
24.293
23.7624
23.2347
22.71
22.1882
21.6693
21.1532
20.6399
20.1293
19.6214
19.1161
18.6135
18.1133
17.6157
17.1206
16.6278
16.1375
15.6495
15.1638
14.6804
14.1992
13.7203
13.2435
12.7688
12.2962
11.8256
11.3571
10.8906
10.4261
9.96344
9.50272
9.04387
8.58686
8.13166
7.67825
7.22659
6.77666
6.32844
5.88189
5.43699
4.99372
4.55204
4.11194
3.67338
3.23634
2.80078
2.36667
1.93395
1.50277
1.07245
0.645819
0.211209
59.9213
59.0435
57.5526
56.0749
54.682
53.2823
51.9061
50.6224
49.4556
48.3976
47.4348
46.555
45.7451
44.9913
44.2804
43.6014
42.9453
42.3051
41.6758
41.054
40.4371
39.8239
39.2134
38.6051
37.9988
37.3944
36.792
36.1918
35.5938
34.9984
34.4056
33.8158
33.229
32.6454
32.0652
31.4884
30.915
30.3451
29.7786
29.2155
28.6559
28.0996
27.5466
26.9969
26.4505
25.9072
25.3672
24.8302
24.2964
23.7656
23.2378
22.713
22.1911
21.6721
21.1559
20.6425
20.1318
19.6238
19.1184
18.6157
18.1155
17.6178
17.1226
16.6298
16.1394
15.6514
15.1656
14.6822
14.2009
13.7219
13.245
12.7703
12.2977
11.8271
11.3585
10.892
10.4274
9.96471
9.50396
9.04507
8.58802
8.13279
7.67935
7.22766
6.7777
6.32945
5.88288
5.43795
4.99465
4.55295
4.11281
3.67421
3.2371
2.80146
2.3672
1.93431
1.50267
1.07234
0.644175
0.211779
58.9062
58.4096
57.2186
55.835
54.5363
53.2764
52.0133
50.7878
49.6448
48.5945
47.6281
46.7344
45.9041
45.1281
44.3969
43.7003
43.0294
42.3766
41.7366
41.1056
40.4811
39.8615
39.246
38.6339
38.0247
37.4183
36.8145
36.2132
35.6143
35.018
34.4244
33.8336
33.2459
32.6614
32.0802
31.5025
30.9282
30.3576
29.7904
29.2268
28.6667
28.1099
27.5566
27.0065
26.4597
25.9161
25.3757
24.8384
24.3042
23.7731
23.245
22.7198
22.1977
21.6784
21.1619
20.6483
20.1374
19.6292
19.1237
18.6208
18.1204
17.6226
17.1273
16.6343
16.1438
15.6556
15.1698
14.6862
14.2049
13.7257
13.2488
12.7739
12.3012
11.8305
11.3619
10.8953
10.4306
9.96784
9.50701
9.04805
8.59094
8.13564
7.68214
7.23039
6.78037
6.33206
5.88543
5.44044
4.99708
4.55531
4.1151
3.67641
3.23918
2.80335
2.36876
1.93545
1.50257
1.07186
0.636346
0.220281
58.0911
57.7223
56.8117
55.6411
54.4649
53.3004
52.1142
50.9369
49.8198
48.783
47.8196
46.9179
46.071
45.2743
44.5222
43.8067
43.1191
42.4516
41.7986
41.156
40.5214
39.8933
39.2708
38.6532
38.0401
37.4308
36.8251
36.2226
35.6229
35.026
34.4319
33.8407
33.2525
32.6675
32.0859
31.5077
30.9332
30.3623
29.795
29.2313
28.6711
28.1144
27.561
27.011
26.4642
25.9205
25.38
24.8427
24.3084
23.7771
23.2489
22.7236
22.2013
21.6819
21.1653
20.6516
20.1407
19.6324
19.1268
18.6239
18.1235
17.6256
17.1302
16.6373
16.1467
15.6585
15.1725
14.6889
14.2075
13.7283
13.2513
12.7764
12.3036
11.8329
11.3642
10.8975
10.4328
9.96999
9.50911
9.05011
8.59295
8.13762
7.68408
7.23229
6.78224
6.3339
5.88723
5.44221
4.99882
4.557
4.11673
3.67796
3.24059
2.80456
2.36956
1.93569
1.50103
1.06968
0.62431
0.232212
57.4592
57.1774
56.4619
55.4595
54.3763
53.279
52.1599
51.0387
49.9584
48.9423
47.987
47.0824
46.2239
45.4109
44.6417
43.9105
43.2091
42.5297
41.8662
41.2145
40.5718
39.9368
39.3087
38.6866
38.07
37.4581
36.8504
36.2463
35.6453
35.0472
34.4519
33.8595
33.2701
32.684
32.1013
31.5222
30.9468
30.3752
29.8072
29.2429
28.6822
28.125
27.5711
27.0206
26.4734
25.9293
25.3883
24.8505
24.3158
23.7841
23.2555
22.7299
22.2073
21.6877
21.1709
20.657
20.1458
19.6375
19.1318
18.6287
18.1282
17.6302
17.1347
16.6417
16.151
15.6627
15.1767
14.6929
14.2115
13.7322
13.2551
12.7801
12.3072
11.8364
11.3677
10.9009
10.4361
9.97328
9.51234
9.05329
8.59608
8.1407
7.68711
7.23527
6.78518
6.33679
5.89008
5.44502
5.00158
4.55972
4.11939
3.68054
3.24305
2.80682
2.37144
1.93703
1.50092
1.069
0.617295
0.241026
57.0091
56.78
56.1593
55.2519
54.2413
53.2076
52.1508
51.0811
50.034
49.0359
48.0893
47.187
46.3255
45.5059
44.7279
43.987
43.2757
42.5867
41.9139
41.2535
40.6032
39.9616
39.3281
38.7018
38.0821
37.4679
36.8584
36.2528
35.6505
35.0513
34.455
33.8617
33.2716
32.6849
32.1018
31.5224
30.9469
30.3752
29.8072
29.243
28.6823
28.1251
27.5713
27.0208
26.4734
25.9293
25.3882
24.8503
24.3155
23.7837
23.255
22.7294
22.2067
21.687
21.1703
20.6563
20.1452
19.6368
19.1311
18.6281
18.1276
17.6296
17.1341
16.641
16.1504
15.662
15.176
14.6923
14.2108
13.7315
13.2544
12.7794
12.3066
11.8358
11.367
10.9002
10.4355
9.97262
9.51168
9.05263
8.59543
8.14005
7.68646
7.23464
6.78455
6.33617
5.88947
5.44442
5.00098
4.55913
4.11881
3.67996
3.24245
2.80618
2.37067
1.93607
1.49943
1.06735
0.613956
0.242768
56.7365
56.5512
55.9963
55.1662
54.2238
53.2421
52.2272
51.1904
50.1641
49.1752
48.2311
47.3279
46.4633
45.6381
44.8518
44.1005
43.3775
42.6761
41.9912
41.3197
40.6596
40.01
39.3699
38.7384
38.1144
37.4967
36.884
36.2755
35.6705
35.0687
34.4699
33.8744
33.2824
32.6941
32.1097
31.5293
30.9529
30.3805
29.812
29.2472
28.6861
28.1284
27.5742
27.0232
26.4754
25.9309
25.3895
24.8513
24.3163
23.7844
23.2556
22.7299
22.2072
21.6875
21.1707
20.6568
20.1457
19.6373
19.1316
18.6285
18.128
17.63
17.1344
16.6414
16.1507
15.6623
15.1763
14.6926
14.2111
13.7318
13.2547
12.7797
12.3069
11.8361
11.3674
10.9006
10.4359
9.97304
9.51211
9.05307
8.59587
8.1405
7.68691
7.23509
6.785
6.33663
5.88993
5.4449
5.00148
4.55965
4.11937
3.68057
3.24314
2.80699
2.37169
1.93736
1.50134
1.06949
0.617831
0.239735
56.7072
56.3503
55.7104
54.9186
54.0438
53.1091
52.1301
51.1311
50.14
49.1762
48.2464
47.3515
46.4926
45.6712
44.8864
44.134
43.4078
42.7021
42.0126
41.3369
40.6735
40.0215
39.3799
38.7475
38.1228
37.5043
36.8906
36.2809
35.6745
35.0712
34.4712
33.8745
33.2815
32.6925
32.1075
31.5268
30.9501
30.3775
29.8087
29.2436
28.682
28.1239
27.569
27.0175
26.4693
25.9242
25.3825
24.844
24.3087
23.7766
23.2477
22.7219
22.1992
21.6795
21.1627
20.6488
20.1377
19.6293
19.1235
18.6204
18.1199
17.6218
17.1263
16.6332
16.1424
15.6541
15.1681
14.6844
14.2029
13.7237
13.2467
12.7718
12.299
11.8283
11.3597
10.893
10.4283
9.96559
9.50475
9.04578
8.58866
8.13337
7.67986
7.22811
6.77811
6.32982
5.88322
5.43828
4.99498
4.55329
4.11318
3.67461
3.23751
2.80184
2.36739
1.93419
1.50102
1.07051
0.631756
0.22266
57.866
57.0594
56.0624
55.1274
54.2017
53.2242
52.2091
51.1954
50.2068
49.2491
48.3217
47.4256
46.5645
45.7407
44.9527
44.1957
43.4631
42.7496
42.0516
41.3673
40.6958
40.0366
39.3886
38.7505
38.1207
37.4975
36.8796
36.2661
35.6564
35.0504
34.4482
33.85
33.2562
32.6668
32.0819
31.5015
30.9253
30.3532
29.785
29.2204
28.6592
28.1015
27.547
26.9958
26.4479
25.9033
25.3619
24.8239
24.2892
23.7577
23.2295
22.7044
22.1823
21.6633
21.1471
20.6338
20.1233
19.6155
19.1102
18.6076
18.1075
17.6099
17.1147
16.622
16.1317
15.6437
15.1581
14.6747
14.1936
13.7147
13.238
12.7634
12.2909
11.8205
11.3521
10.8857
10.4213
9.95879
9.49817
9.03942
8.5825
8.1274
7.67407
7.22251
6.77268
6.32456
5.87813
5.43337
4.99025
4.54876
4.10887
3.67058
3.23386
2.79871
2.36513
1.93308
1.50285
1.07331
0.648509
0.206509
64.7468
60.6096
57.5918
55.9495
54.5112
52.9498
51.444
50.113
48.9498
47.9213
47.0062
46.1863
45.4403
44.7473
44.0903
43.4568
42.8377
42.2266
41.6194
41.0138
40.4086
39.8032
39.1977
38.5923
37.9874
37.3834
36.781
36.1805
35.5822
34.9865
34.3936
33.8036
33.2169
32.6334
32.0532
31.4765
30.9032
30.3333
29.7668
29.2038
28.6442
28.088
27.5351
26.9855
26.4391
25.896
25.3561
24.8193
24.2856
23.755
23.2273
22.7027
22.1809
21.662
21.1459
20.6326
20.122
19.6141
19.1089
18.6062
18.1061
17.6086
17.1134
16.6207
16.1304
15.6425
15.1569
14.6735
14.1924
13.7135
13.2367
12.7621
12.2895
11.819
11.3506
10.8841
10.4196
9.95709
9.49643
9.03764
8.5807
8.12557
7.67222
7.22064
6.77079
6.32264
5.87617
5.43136
4.98818
4.54661
4.10662
3.66819
3.23129
2.79591
2.36206
1.9296
1.49895
1.06888
0.643251
0.210443
61.4937
59.1979
57.1378
55.7776
54.4809
53.0272
51.577
50.2612
49.0947
48.0552
47.125
46.2889
45.5275
44.8208
44.1516
43.5074
42.8792
42.2606
41.6473
41.037
40.428
39.8198
39.2121
38.6049
37.9987
37.3937
36.7903
36.1889
35.5898
34.9934
34.3999
33.8094
33.2221
32.6382
32.0577
31.4806
30.907
30.3368
29.7701
29.2069
28.6471
28.0907
27.5376
26.9878
26.4413
25.8981
25.358
24.8211
24.2873
23.7566
23.2289
22.7041
22.1823
21.6633
21.1472
20.6339
20.1233
19.6154
19.1101
18.6074
18.1073
17.6097
17.1145
16.6218
16.1315
15.6435
15.1579
14.6745
14.1934
13.7144
13.2376
12.763
12.2905
11.82
11.3515
10.885
10.4205
9.95796
9.49729
9.03849
8.58153
8.12639
7.67303
7.22144
6.77157
6.32342
5.87694
5.43212
4.98893
4.54734
4.10734
3.6689
3.232
2.7966
2.36274
1.93025
1.49971
1.06955
0.645952
0.208017
59.8951
58.846
57.2761
55.8397
54.5114
53.155
51.8108
50.5585
49.42
48.3832
47.4349
46.5651
45.7627
45.014
44.306
43.6279
42.9711
42.3293
41.6979
41.0736
40.4544
39.8389
39.2262
38.6159
38.0078
37.4017
36.7978
36.1962
35.5971
35.0006
34.4069
33.8163
33.2289
32.6447
32.064
31.4867
30.9129
30.3426
29.7757
29.2123
28.6523
28.0957
27.5424
26.9924
26.4457
25.9022
25.3619
24.8247
24.2907
23.7598
23.2318
22.7069
22.1849
21.6658
21.1495
20.636
20.1252
19.6172
19.1118
18.609
18.1088
17.6111
17.1158
16.623
16.1326
15.6446
15.1588
14.6754
14.1942
13.7152
13.2384
12.7637
12.2911
11.8205
11.352
10.8855
10.421
9.9584
9.49771
9.03888
8.5819
8.12674
7.67337
7.22175
6.77187
6.3237
5.87721
5.43238
4.98917
4.54758
4.10757
3.66911
3.23219
2.79676
2.36286
1.93033
1.49981
1.0698
0.647904
0.204389
58.8786
58.2102
56.9375
55.5939
54.3603
53.1448
51.9158
50.7249
49.613
48.5853
47.6332
46.7489
45.9255
45.1545
44.4257
43.7294
43.0571
42.4021
41.7594
41.1257
40.4987
39.877
39.2595
38.6457
38.035
37.427
36.8217
36.2189
35.6187
35.0211
34.4264
33.8347
33.2461
32.6609
32.0791
31.5009
30.9263
30.3552
29.7877
29.2237
28.6631
28.106
27.5522
27.0017
26.4546
25.9106
25.3699
24.8324
24.2979
23.7666
23.2383
22.7131
22.1907
21.6714
21.1548
20.6411
20.1302
19.6219
19.1163
18.6134
18.113
17.6151
17.1197
16.6268
16.1363
15.6481
15.1622
14.6786
14.1973
13.7182
13.2413
12.7665
12.2938
11.8232
11.3546
10.888
10.4234
9.96069
9.49993
9.04103
8.58399
8.12876
7.67532
7.22364
6.77371
6.32548
5.87894
5.43405
4.99079
4.54914
4.10908
3.67056
3.23356
2.79804
2.36398
1.9313
1.50028
1.07029
0.645272
0.207246
58.0624
57.5215
56.5271
55.3951
54.285
53.1662
52.0151
50.8737
49.7889
48.775
47.826
46.9338
46.0941
45.3028
44.5534
43.8379
43.1482
42.4775
41.821
41.1751
40.5377
39.9076
39.2835
38.6647
38.0505
37.4402
36.8332
36.2293
35.6283
35.03
34.4346
33.8422
33.253
32.6673
32.0851
31.5065
30.9316
30.3604
29.7928
29.2287
28.6682
28.111
27.5572
27.0066
26.4593
25.9152
25.3743
24.8365
24.3019
23.7704
23.2419
22.7165
22.194
21.6745
21.1579
20.6441
20.1331
19.6248
19.1191
18.6161
18.1156
17.6177
17.1222
16.6292
16.1386
15.6503
15.1644
14.6807
14.1993
13.7202
13.2432
12.7683
12.2955
11.8249
11.3562
10.8896
10.4249
9.96221
9.5014
9.04247
8.58539
8.13012
7.67665
7.22494
6.77497
6.32671
5.88014
5.43522
4.99194
4.55026
4.11015
3.67159
3.23452
2.7989
2.36462
1.93168
1.49957
1.06934
0.636982
0.215432
57.4299
56.976
56.1756
55.2115
54.1954
53.145
52.0617
50.9769
49.9295
48.9364
47.9953
47.1001
46.2491
45.442
44.6757
43.9444
43.2404
42.557
41.8891
41.2332
40.5874
39.9501
39.3205
38.6976
38.0802
37.4677
36.859
36.2536
35.6511
35.0514
34.4546
33.8609
33.2704
32.6834
32.1
31.5205
30.9448
30.3729
29.8047
29.2401
28.679
28.1214
27.5671
27.0161
26.4683
25.9237
25.3822
24.844
24.3089
23.777
23.2482
22.7224
22.1997
21.68
21.1631
20.6492
20.138
19.6296
19.1238
18.6207
18.1201
17.6221
17.1265
16.6334
16.1427
15.6543
15.1683
14.6846
14.2031
13.7238
13.2467
12.7718
12.299
11.8282
11.3595
10.8929
10.4281
9.96536
9.50449
9.04551
8.58837
8.13306
7.67953
7.22778
6.77776
6.32946
5.88283
5.43788
4.99454
4.55282
4.11266
3.67404
3.23688
2.80115
2.36662
1.93337
1.50017
1.06959
0.631153
0.223425
56.9797
56.5787
55.8729
55.0033
54.0599
53.0731
52.0524
51.02
50.0069
49.0324
48.0995
47.2058
46.3511
45.5367
44.7613
44.0199
43.3059
42.6126
41.9352
41.2705
40.6168
39.973
39.3382
38.7113
38.0912
37.4765
36.8663
36.2596
35.656
35.0553
34.4575
33.8628
33.2716
32.684
32.1002
31.5204
30.9446
30.3727
29.8045
29.24
28.679
28.1214
27.567
27.016
26.4681
25.9234
25.3819
24.8435
24.3083
23.7763
23.2475
22.7217
22.1989
21.6792
21.1624
20.6484
20.1373
19.6289
19.1231
18.62
18.1194
17.6214
17.1258
16.6327
16.142
15.6536
15.1676
14.6838
14.2024
13.7231
13.246
12.7711
12.2983
11.8276
11.3589
10.8922
10.4275
9.96475
9.5039
9.04493
8.5878
8.1325
7.67899
7.22724
6.77724
6.32894
5.88233
5.43739
4.99407
4.55236
4.11222
3.67361
3.23646
2.80071
2.36611
1.93273
1.4991
1.0684
0.627909
0.225393
56.7072
56.3503
55.7104
54.9186
54.0438
53.1091
52.1301
51.1311
50.14
49.1762
48.2464
47.3515
46.4926
45.6712
44.8864
44.134
43.4079
42.7022
42.0127
41.3369
40.6734
40.0214
39.3798
38.7474
38.1228
37.5043
36.8907
36.281
35.6746
35.0713
34.4712
33.8745
33.2815
32.6924
32.1075
31.5267
30.9501
30.3774
29.8086
29.2436
28.682
28.1239
27.5691
27.0176
26.4693
25.9243
25.3825
24.844
24.3086
23.7766
23.2476
22.7219
22.1992
21.6795
21.1627
20.6488
20.1377
19.6293
19.1235
18.6204
18.1199
17.6218
17.1263
16.6332
16.1425
15.6541
15.1681
14.6844
14.2029
13.7237
13.2467
12.7718
12.299
11.8283
11.3597
10.893
10.4283
9.96559
9.50475
9.04578
8.58867
8.13337
7.67986
7.22812
6.77811
6.32982
5.88322
5.43828
4.99498
4.55329
4.11318
3.67461
3.23751
2.80184
2.36739
1.93419
1.50102
1.0705
0.631754
0.222659
56.6787
56.1491
55.4229
54.6688
53.8625
52.9757
52.0319
51.0688
50.1117
49.173
48.2587
47.3732
46.5204
45.7025
44.9186
44.1647
43.4354
42.7257
42.0321
41.3527
40.6864
40.0323
39.3892
38.7556
38.1299
37.5104
36.8955
36.2845
35.6768
35.0722
34.471
33.8734
33.2798
32.6902
32.105
31.5239
30.947
30.374
29.8048
29.2392
28.6771
28.1184
27.563
27.0109
26.4621
25.9166
25.3745
24.8357
24.3003
23.7681
23.2391
22.7133
22.1906
21.6709
21.1542
20.6403
20.1292
19.6208
19.1151
18.612
18.1115
17.6135
17.118
16.6249
16.1343
15.646
15.1601
14.6765
14.1952
13.7161
13.2392
12.7644
12.2918
11.8212
11.3527
10.8861
10.4216
9.95894
9.49821
9.03934
8.58233
8.12713
7.67372
7.22208
6.77218
6.32399
5.8775
5.43267
4.9895
4.54795
4.108
3.66961
3.23278
2.79744
2.36356
1.93109
1.49996
1.07037
0.642474
0.209269
57.8403
56.8645
55.783
54.8838
54.0259
53.0989
52.1209
51.1416
50.1838
49.2492
48.3372
47.4512
46.5961
45.7749
44.9866
44.2268
43.4902
42.7722
42.0699
41.382
40.7077
40.0463
39.3967
38.7572
38.1259
37.5012
36.8816
36.2665
35.6552
35.0479
34.4446
33.8457
33.2513
32.6616
32.0765
31.4959
30.9195
30.3471
29.7786
29.2136
28.652
28.0939
27.539
26.9875
26.4394
25.8946
25.3532
24.8153
24.2807
23.7494
23.2213
22.6964
22.1746
21.6558
21.1399
20.6267
20.1163
19.6086
19.1035
18.601
18.1011
17.6036
17.1086
16.6161
16.1259
15.6381
15.1526
14.6695
14.1885
13.7098
13.2333
12.7588
12.2865
11.8162
11.348
10.8817
10.4174
9.95495
9.49443
9.03576
8.57892
8.12389
7.67064
7.21915
6.7694
6.32135
5.875
5.43031
4.98728
4.54587
4.10609
3.66789
3.23129
2.79626
2.36285
1.93097
1.50124
1.07185
0.649804
0.203712
65.9134
61.3379
57.9973
56.2164
54.71
53.0968
51.5546
50.2064
49.0413
48.0195
47.1143
46.3042
45.5657
44.8768
44.2202
43.5836
42.9586
42.3397
41.7236
41.1086
40.4939
39.8795
39.2652
38.6515
38.0389
37.4281
36.8195
36.2135
35.6103
35.0103
34.4137
33.8205
33.2308
32.6448
32.0625
31.4839
30.909
30.3377
29.7701
29.2061
28.6457
28.0887
27.5352
26.9852
26.4384
25.895
25.3548
24.8178
24.2839
23.7531
23.2254
22.7006
22.1788
21.6599
21.1438
20.6305
20.1199
19.612
19.1068
18.6042
18.1041
17.6066
17.1115
16.6189
16.1287
15.6408
15.1552
14.6719
14.1908
13.712
13.2353
12.7607
12.2883
11.8178
11.3495
10.8831
10.4186
9.95614
9.49554
9.03681
8.57993
8.12486
7.67157
7.22005
6.77025
6.32217
5.87576
5.43101
4.9879
4.5464
4.10649
3.66815
3.23137
2.79612
2.36243
1.93017
1.49966
1.06986
0.643483
0.211731
62.6777
59.9326
57.5266
56.0213
54.6598
53.1555
51.6691
50.3384
49.1736
48.1437
47.2255
46.4003
45.6471
44.9447
44.2761
43.629
42.9949
42.3684
41.7461
41.126
40.5073
39.8895
39.2726
38.6568
38.0426
37.4305
36.8208
36.2138
35.61
35.0093
34.4122
33.8186
33.2286
32.6424
32.06
31.4813
30.9063
30.335
29.7674
29.2034
28.643
28.0861
27.5327
26.9826
26.436
25.8926
25.3525
24.8156
24.2818
23.7511
23.2235
22.6988
22.1771
21.6583
21.1422
20.629
20.1185
19.6107
19.1056
18.6031
18.1031
17.6056
17.1106
16.618
16.1278
15.64
15.1544
14.6712
14.1902
13.7113
13.2347
12.7602
12.2877
11.8173
11.349
10.8826
10.4182
9.95573
9.49515
9.03645
8.57958
8.12453
7.67126
7.21975
6.76997
6.3219
5.87551
5.43077
4.98767
4.54618
4.10629
3.66796
3.23119
2.79596
2.36229
1.93005
1.49969
1.06986
0.64484
0.209679
61.0713
59.5619
57.6328
56.0539
54.6705
53.2678
51.8867
50.6185
49.4808
48.4516
47.512
46.6503
45.8543
45.11
44.4038
43.7249
43.0649
42.4181
41.7803
41.1487
40.5218
39.8985
39.2781
38.6604
38.0452
37.4327
36.823
36.2162
35.6125
35.012
34.4149
33.8214
33.2314
32.6452
32.0626
31.4838
30.9088
30.3374
29.7696
29.2055
28.6449
28.0877
27.5341
26.9838
26.4369
25.8933
25.353
24.8159
24.2819
23.751
23.2232
22.6984
22.1766
21.6576
21.1415
20.6282
20.1177
19.6098
19.1046
18.602
18.102
17.6045
17.1095
16.6169
16.1266
15.6388
15.1533
14.67
14.189
13.7102
13.2335
12.759
12.2866
11.8162
11.3478
10.8815
10.4171
9.95466
9.4941
9.03541
8.57857
8.12353
7.67029
7.2188
6.76904
6.32098
5.87461
5.4299
4.98682
4.54535
4.10548
3.66718
3.23044
2.79524
2.36163
1.92948
1.49939
1.06972
0.64674
0.205839
60.0477
58.9222
57.2918
55.8082
54.5212
53.2577
51.9896
50.7825
49.6719
48.6513
47.706
46.8275
46.0087
45.2408
44.513
43.8152
43.1391
42.4783
41.8285
41.1869
40.5519
39.9222
39.2971
38.6759
38.0585
37.4444
36.8336
36.226
35.6215
35.0204
34.4226
33.8284
33.2379
32.6511
32.0682
31.489
30.9137
30.3421
29.7742
29.2099
28.6492
28.0919
27.5381
26.9877
26.4405
25.8967
25.3562
24.8188
24.2847
23.7536
23.2257
22.7008
22.1788
21.6598
21.1436
20.6302
20.1196
19.6117
19.1064
18.6037
18.1036
17.606
17.1109
16.6182
16.128
15.64
15.1544
14.6711
14.19
13.7111
13.2344
12.7598
12.2873
11.8169
11.3485
10.8821
10.4177
9.95518
9.49458
9.03585
8.57897
8.1239
7.67062
7.21909
6.7693
6.32121
5.87482
5.43007
4.98697
4.54548
4.10559
3.66728
3.23053
2.79534
2.36175
1.92967
1.49977
1.07031
0.648348
0.203591
59.2274
58.2329
56.8801
55.6045
54.4393
53.2732
52.0847
50.9288
49.8459
48.8378
47.8929
47.0036
46.1666
45.3776
44.629
43.912
43.2185
42.542
41.8782
41.2245
40.5793
39.9416
39.3106
38.6854
38.0654
37.4498
36.8381
36.2299
35.625
35.0235
34.4254
33.8309
33.24
32.653
32.0699
31.4907
30.9154
30.3439
29.7762
29.212
28.6514
28.0942
27.5403
26.9898
26.4426
25.8986
25.3579
24.8204
24.286
23.7549
23.2268
22.7018
22.1798
21.6607
21.1445
20.6311
20.1205
19.6126
19.1073
18.6047
18.1045
17.6069
17.1118
16.6191
16.1288
15.6408
15.1551
14.6718
14.1906
13.7117
13.235
12.7604
12.2879
11.8175
11.3491
10.8827
10.4182
9.95573
9.49512
9.03639
8.57949
8.12442
7.67112
7.21959
6.76978
6.32169
5.87527
5.43052
4.9874
4.54591
4.10601
3.6677
3.23094
2.79576
2.36217
1.93014
1.50017
1.07082
0.647921
0.204018
58.5918
57.6862
56.5269
55.4175
54.3473
53.2523
52.1336
51.0353
49.9895
49.0006
48.0609
47.166
46.316
45.5103
44.7448
44.0119
43.3039
42.6143
41.9385
41.2742
40.62
39.975
39.3384
38.7093
38.0864
37.4689
36.8557
36.2463
35.6402
35.0375
34.4381
33.8424
33.2504
32.6624
32.0785
31.4987
30.923
30.3512
29.7832
29.2189
28.658
28.1006
27.5465
26.9957
26.4481
25.9038
25.3627
24.8248
24.2902
23.7588
23.2305
22.7053
22.1832
21.6641
21.1478
20.6344
20.1238
19.6158
19.1105
18.6078
18.1077
17.61
17.1148
16.622
16.1317
15.6436
15.1579
14.6745
14.1933
13.7143
13.2375
12.7629
12.2903
11.8199
11.3514
10.885
10.4205
9.95797
9.49734
9.03856
8.58164
8.12652
7.67319
7.22161
6.77177
6.32364
5.87719
5.43241
4.98927
4.54774
4.10782
3.66947
3.2327
2.79749
2.36387
1.93179
1.50155
1.07212
0.647381
0.206563
58.1394
57.2886
56.2258
55.2125
54.2164
53.1855
52.1289
51.0825
50.0715
49.1016
48.1699
47.275
46.4194
45.6047
44.8283
44.0843
43.3652
42.6649
41.9792
41.3058
40.6438
39.9924
39.351
38.7183
38.093
37.4737
36.8593
36.2488
35.6418
35.0381
34.4379
33.8415
33.249
32.6606
32.0765
31.4967
30.9211
30.3495
29.7817
29.2175
28.6568
28.0994
27.5453
26.9945
26.4468
25.9024
25.3612
24.8233
24.2886
23.7572
23.2289
22.7037
22.1817
21.6626
21.1464
20.6331
20.1225
19.6147
19.1095
18.6068
18.1067
17.6091
17.1139
16.6212
16.1308
15.6428
15.1571
14.6737
14.1926
13.7136
13.2369
12.7623
12.2898
11.8194
11.351
10.8846
10.4201
9.9576
9.49699
9.03824
8.58133
8.12623
7.67292
7.22136
6.77153
6.32342
5.87698
5.43222
4.98909
4.54759
4.10769
3.66937
3.23262
2.79743
2.3638
1.93171
1.50132
1.07181
0.646249
0.207231
57.866
57.0594
56.0624
55.1274
54.2017
53.2242
52.2091
51.1954
50.2068
49.2491
48.3217
47.4256
46.5644
45.7407
44.9528
44.1957
43.4632
42.7497
42.0516
41.3672
40.6957
40.0364
39.3885
38.7504
38.1207
37.4976
36.8798
36.2662
35.6565
35.0505
34.4482
33.85
33.2561
32.6667
32.0818
31.5014
30.9252
30.3532
29.785
29.2204
28.6593
28.1016
27.5471
26.9959
26.448
25.9033
25.362
24.8239
24.2892
23.7577
23.2294
22.7043
22.1823
21.6632
21.1471
20.6338
20.1233
19.6155
19.1103
18.6076
18.1075
17.6099
17.1148
16.622
16.1317
15.6437
15.1581
14.6747
14.1936
13.7147
13.238
12.7634
12.2909
11.8205
11.3521
10.8857
10.4213
9.95879
9.49817
9.03942
8.58251
8.1274
7.67408
7.22252
6.77269
6.32457
5.87814
5.43337
4.99025
4.54876
4.10888
3.67058
3.23386
2.7987
2.36513
1.93308
1.50285
1.07331
0.648507
0.206508
57.8403
56.8645
55.783
54.8838
54.0259
53.0989
52.1209
51.1416
50.1838
49.2492
48.3372
47.4511
46.5961
45.7749
44.9866
44.2269
43.4903
42.7723
42.0699
41.382
40.7077
40.0463
39.3967
38.7571
38.1259
37.5012
36.8817
36.2665
35.6553
35.0479
34.4446
33.8457
33.2513
32.6615
32.0764
31.4958
30.9195
30.3471
29.7786
29.2136
28.6521
28.0939
27.5391
26.9875
26.4394
25.8946
25.3533
24.8153
24.2807
23.7494
23.2213
22.6964
22.1746
21.6558
21.1398
20.6267
20.1163
19.6086
19.1035
18.601
18.1011
17.6036
17.1086
16.6161
16.1259
15.6381
15.1526
14.6695
14.1885
13.7098
13.2333
12.7588
12.2865
11.8162
11.348
10.8817
10.4174
9.95495
9.49443
9.03576
8.57892
8.12389
7.67065
7.21915
6.7694
6.32135
5.875
5.43031
4.98728
4.54587
4.10609
3.66789
3.23129
2.79625
2.36285
1.93097
1.50124
1.07185
0.649804
0.203712
59.0005
57.5827
56.1572
55.1205
54.2135
53.2502
52.2439
51.2528
50.2952
49.3635
48.452
47.5643
46.706
45.8803
45.0854
44.3171
43.5702
42.8412
42.1279
41.4298
40.7464
40.077
39.4203
38.7745
38.1375
37.5076
36.8835
36.2643
35.6497
35.0398
34.4347
33.8345
33.2394
32.6494
32.0643
31.4838
30.9076
30.3354
29.7669
29.202
28.6406
28.0825
27.5279
26.9766
26.4288
25.8845
25.3436
24.8062
24.2722
23.7416
23.2141
22.6899
22.1686
21.6503
21.1348
20.6221
20.1121
19.6047
19.1
18.5978
18.0981
17.601
17.1063
16.614
16.1241
15.6366
15.1514
14.6685
14.1878
13.7093
13.233
12.7587
12.2866
11.8165
11.3483
10.8822
10.418
9.95566
9.49521
9.03663
8.57986
8.1249
7.67172
7.22029
6.77059
6.32261
5.87631
5.43168
4.9887
4.54736
4.10763
3.66951
3.23297
2.798
2.36462
1.9327
1.50261
1.07286
0.64769
0.20845
)
;

boundaryField
{
    inlet
    {
        type            zeroGradient;
    }
    outlet
    {
        type            fixedValue;
        value           uniform 0;
    }
    Wall
    {
        type            zeroGradient;
    }
}


// ************************************************************************* //
