/*--------------------------------*- C++ -*----------------------------------*\
| =========                 |                                                 |
| \\      /  F ield         | OpenFOAM: The Open Source CFD Toolbox           |
|  \\    /   O peration     | Version:  5.x                                   |
|   \\  /    A nd           | Web:      www.OpenFOAM.org                      |
|    \\/     M anipulation  |                                                 |
\*---------------------------------------------------------------------------*/
/*   Windows 32 and 64 bit porting by blueCAPE: http://www.bluecape.com.pt   *\
|  Based on Windows porting (2.0.x v4) by Symscape: http://www.symscape.com   |
\*---------------------------------------------------------------------------*/
FoamFile
{
    version     2.0;
    format      ascii;
    class       volScalarField;
    location    "63";
    object      p;
}
// * * * * * * * * * * * * * * * * * * * * * * * * * * * * * * * * * * * * * //

dimensions      [0 2 -2 0 0 0 0];

internalField   nonuniform List<scalar> 
10000
(
72.6182
64.868
59.7796
57.2912
55.2305
53.1837
51.405
49.942
48.6947
47.5917
46.6085
45.7322
44.9464
44.2322
43.5717
42.9495
42.3526
41.7711
41.1981
40.6285
40.0593
39.4887
38.916
38.3408
37.7635
37.1844
36.604
36.023
35.442
34.8614
34.2818
33.7036
33.1271
32.5526
31.9804
31.4106
30.8435
30.2792
29.7176
29.159
28.6033
28.0506
27.5009
26.9541
26.4104
25.8697
25.3319
24.7971
24.2652
23.7362
23.2101
22.6868
22.1664
21.6487
21.1337
20.6214
20.1118
19.6048
19.1003
18.5984
18.099
17.6021
17.1076
16.6155
16.1258
15.6383
15.1531
14.6702
14.1895
13.711
13.2345
12.7602
12.288
11.8178
11.3496
10.8834
10.4192
9.95682
9.49636
9.03775
8.58097
8.12598
7.67277
7.2213
6.77155
6.32349
5.87708
5.43232
4.98917
4.5476
4.10759
3.66912
3.23217
2.7967
2.36273
1.93017
1.49921
1.06922
0.641791
0.212347
69.4375
63.514
59.2679
57.0634
55.1668
53.2009
51.4354
49.9597
48.6985
47.5865
46.5994
45.7229
44.9386
44.2263
43.5675
42.9463
42.3501
41.7691
41.1963
40.6268
40.0577
39.4873
38.9146
38.3396
37.7624
37.1834
36.6031
36.0223
35.4413
34.8609
34.2814
33.7032
33.1268
32.5524
31.9803
31.4106
30.8435
30.2792
29.7177
29.1591
28.6034
28.0507
27.501
26.9542
26.4105
25.8698
25.332
24.7972
24.2653
23.7363
23.2102
22.6869
22.1664
21.6487
21.1337
20.6214
20.1118
19.6048
19.1003
18.5984
18.0991
17.6021
17.1076
16.6155
16.1257
15.6383
15.1531
14.6702
14.1895
13.7109
13.2345
12.7602
12.288
11.8178
11.3496
10.8834
10.4191
9.95678
9.49632
9.03771
8.58093
8.12594
7.67273
7.22126
6.77151
6.32344
5.87704
5.43228
4.98913
4.54756
4.10755
3.66908
3.23213
2.79666
2.36269
1.93012
1.4992
1.06915
0.642131
0.211915
67.8628
63.1354
59.2913
57.0421
55.1652
53.2635
51.5218
50.0387
48.7663
47.6477
46.6571
45.7782
44.9912
44.2753
43.6122
42.9864
42.3856
41.8
41.2228
40.6495
40.0768
39.5032
38.9278
38.3504
37.7711
37.1903
36.6085
36.0264
35.4443
34.863
34.2827
33.704
33.1271
32.5523
31.9798
31.4099
30.8426
30.2781
29.7165
29.1578
28.6021
28.0494
27.4996
26.9529
26.4092
25.8685
25.3307
24.7959
24.2641
23.7351
23.209
22.6858
22.1653
21.6477
21.1327
20.6205
20.1109
19.6039
19.0995
18.5976
18.0982
17.6013
17.1069
16.6148
16.125
15.6376
15.1525
14.6696
14.1889
13.7103
13.2339
12.7597
12.2874
11.8173
11.3491
10.8829
10.4187
9.95632
9.49587
9.03727
8.5805
8.12553
7.67233
7.22087
6.77112
6.32307
5.87668
5.43192
4.98878
4.54722
4.10722
3.66876
3.23181
2.79634
2.36238
1.9298
1.49893
1.06882
0.642399
0.211105
66.8592
62.5194
58.9638
56.8138
55.0277
53.2208
51.534
50.0729
48.8126
47.705
46.7234
45.8503
45.0663
44.3509
43.6861
43.057
42.452
41.8619
41.28
40.7019
40.1247
39.5467
38.9672
38.3859
37.803
37.219
36.6343
36.0495
35.4652
34.8818
34.2997
33.7193
33.1409
32.5648
31.9912
31.4203
30.8521
30.2868
29.7245
29.1651
28.6088
28.0555
27.5053
26.9581
26.414
25.8729
25.3348
24.7997
24.2676
23.7383
23.212
22.6885
22.1679
21.65
21.1349
20.6224
20.1127
19.6056
19.101
18.599
18.0995
17.6025
17.108
16.6158
16.126
15.6384
15.1532
14.6702
14.1895
13.7109
13.2345
12.7601
12.2879
11.8176
11.3494
10.8832
10.4189
9.95654
9.49606
9.03744
8.58064
8.12564
7.67242
7.22094
6.77118
6.32311
5.87671
5.43194
4.98878
4.54722
4.10721
3.66873
3.23177
2.79629
2.3623
1.9297
1.49882
1.06867
0.642464
0.210616
66.0637
61.8749
58.5895
56.619
54.9299
53.1911
51.5491
50.1117
48.8658
47.7704
46.7996
45.9349
45.1561
44.443
43.7776
43.1459
42.5366
41.9412
41.3535
40.7693
40.1861
39.6023
39.0173
38.431
37.8436
37.2554
36.6671
36.079
35.4917
34.9057
34.3213
33.7389
33.1587
32.581
32.0061
31.4339
30.8646
30.2983
29.7351
29.175
28.618
28.0641
27.5133
26.9656
26.421
25.8795
25.3411
24.8056
24.2731
23.7436
23.217
22.6933
22.1724
21.6543
21.139
20.6264
20.1164
19.6091
19.1044
18.6023
18.1026
17.6055
17.1108
16.6185
16.1285
15.6409
15.1556
14.6725
14.1916
13.7129
13.2364
12.762
12.2896
11.8193
11.351
10.8847
10.4204
9.95795
9.49741
9.03872
8.58187
8.12681
7.67354
7.22201
6.7722
6.32408
5.87763
5.43283
4.98963
4.54802
4.10798
3.66947
3.23246
2.79694
2.36289
1.93024
1.49923
1.06905
0.642385
0.210712
65.4541
61.365
58.263
56.4331
54.8205
53.1348
51.5366
50.1308
48.9069
47.8288
46.8725
46.0191
45.2482
44.5393
43.8751
43.2419
42.629
42.0287
41.4352
40.8449
40.2556
39.666
39.0755
38.4841
37.892
37.2996
36.7074
36.1159
35.5256
34.9369
34.35
33.7655
33.1834
32.604
32.0275
31.4539
30.8834
30.316
29.7517
29.1907
28.6328
28.0781
27.5266
26.9782
26.433
25.8909
25.3519
24.816
24.283
23.7531
23.2261
22.7019
22.1807
21.6623
21.1466
20.6337
20.1235
19.6159
19.1109
18.6085
18.1087
17.6113
17.1164
16.6239
16.1337
15.6459
15.1604
14.6772
14.1962
13.7173
13.2407
12.7661
12.2936
11.8232
11.3548
10.8884
10.4239
9.96138
9.50073
9.04195
8.58501
8.12987
7.67651
7.22491
6.77502
6.32684
5.88032
5.43545
4.99219
4.55053
4.11043
3.67186
3.2348
2.79922
2.36509
1.93237
1.50115
1.07091
0.643392
0.211865
65.0231
60.9938
57.9844
56.2397
54.6905
53.0545
51.4977
50.1238
48.9236
47.8642
46.9233
46.0821
45.3198
44.6161
43.9537
43.3197
42.7039
42.0991
41.5003
40.9042
40.3089
39.7136
39.1176
38.5212
37.9245
37.328
36.7322
36.1376
35.5445
34.9533
34.3645
33.7781
33.1945
32.6138
32.0361
31.4616
30.8902
30.3221
29.7573
29.1956
28.6373
28.0822
27.5303
26.9817
26.4362
25.8938
25.3546
24.8185
24.2854
23.7552
23.2281
22.7038
22.1825
21.6639
21.1482
20.6352
20.1249
19.6172
19.1122
18.6097
18.1098
17.6124
17.1174
16.6248
16.1347
15.6468
15.1613
14.678
14.1969
13.7181
13.2413
12.7667
12.2942
11.8238
11.3553
10.8889
10.4244
9.96184
9.50117
9.04236
8.5854
8.13024
7.67686
7.22524
6.77534
6.32714
5.88062
5.43574
4.99248
4.55081
4.11071
3.67215
3.23509
2.79952
2.36538
1.93265
1.50135
1.07108
0.64316
0.211937
64.7667
60.7845
57.8339
56.1516
54.6537
53.0523
51.5196
50.1653
48.9817
47.9365
47.0078
46.1769
45.4223
44.7233
44.0627
43.4277
42.8087
42.199
41.594
40.9912
40.3889
39.7865
39.1838
38.5809
37.9783
37.3765
36.7758
36.1767
35.5796
34.985
34.3929
33.8037
33.2176
32.6347
32.055
31.4787
30.9057
30.3361
29.7699
29.2072
28.6478
28.0917
27.539
26.9895
26.4434
25.9004
25.3606
24.8239
24.2903
23.7598
23.2322
22.7076
22.1859
21.6671
21.1511
20.6378
20.1273
19.6194
19.1142
18.6116
18.1115
17.6139
17.1188
16.6261
16.1358
15.6479
15.1622
14.6788
14.1977
13.7188
13.242
12.7673
12.2948
11.8243
11.3558
10.8893
10.4248
9.96217
9.50147
9.04264
8.58565
8.13047
7.67708
7.22544
6.77553
6.32733
5.8808
5.43592
4.99267
4.55101
4.11093
3.67239
3.23537
2.79984
2.36578
1.93311
1.50198
1.0717
0.644255
0.212049
64.7466
60.6094
57.5916
55.9493
54.511
52.9496
51.4438
50.1127
48.9496
47.9212
47.0061
46.1861
45.44
44.747
44.0901
43.4566
42.8374
42.2263
41.6191
41.0135
40.4083
39.803
39.1974
38.592
37.987
37.3831
36.7807
36.1801
35.5818
34.9861
34.3932
33.8033
33.2165
32.633
32.0529
31.4762
30.9028
30.333
29.7665
29.2035
28.6439
28.0877
27.5348
26.9852
26.4389
25.8958
25.3558
24.8191
24.2854
23.7548
23.2271
22.7025
22.1807
21.6618
21.1457
20.6325
20.1219
19.614
19.1087
18.6061
18.106
17.6084
17.1133
16.6206
16.1303
15.6424
15.1568
14.6734
14.1923
13.7134
13.2366
12.762
12.2894
11.819
11.3505
10.8841
10.4196
9.95703
9.49638
9.03759
8.58065
8.12552
7.67218
7.2206
6.77075
6.3226
5.87614
5.43133
4.98815
4.54658
4.10659
3.66816
3.23128
2.7959
2.36205
1.92959
1.49895
1.06888
0.643244
0.210447
65.9132
61.3377
57.9971
56.2162
54.7098
53.0966
51.5544
50.2061
49.0411
48.0193
47.1142
46.304
45.5654
44.8765
44.2199
43.5833
42.9583
42.3395
41.7233
41.1083
40.4937
39.8792
39.2649
38.6512
38.0386
37.4277
36.8191
36.2131
35.61
35.01
34.4133
33.8201
33.2305
32.6445
32.0622
31.4836
30.9087
30.3374
29.7698
29.2058
28.6454
28.0884
27.535
26.9849
26.4381
25.8947
25.3545
24.8175
24.2837
23.7529
23.2252
22.7004
22.1786
21.6597
21.1436
20.6303
20.1197
19.6119
19.1067
18.6041
18.104
17.6065
17.1114
16.6188
16.1286
15.6407
15.1551
14.6718
14.1908
13.7119
13.2352
12.7607
12.2882
11.8178
11.3494
10.883
10.4186
9.95608
9.49549
9.03676
8.57988
8.12481
7.67153
7.22001
6.77021
6.32213
5.87572
5.43098
4.98787
4.54637
4.10646
3.66813
3.23135
2.7961
2.36241
1.93016
1.49965
1.06986
0.643477
0.211731
69.4375
63.5139
59.2679
57.0634
55.1668
53.2009
51.4354
49.9597
48.6985
47.5865
46.5994
45.7229
44.9386
44.2263
43.5675
42.9463
42.3501
41.7691
41.1963
40.6268
40.0577
39.4873
38.9146
38.3396
37.7624
37.1834
36.6031
36.0223
35.4413
34.8609
34.2814
33.7032
33.1268
32.5524
31.9803
31.4106
30.8435
30.2792
29.7177
29.1591
28.6034
28.0507
27.501
26.9542
26.4105
25.8698
25.332
24.7972
24.2653
23.7363
23.2102
22.6869
22.1664
21.6487
21.1337
20.6214
20.1118
19.6048
19.1003
18.5984
18.0991
17.6021
17.1076
16.6155
16.1257
15.6383
15.1531
14.6702
14.1895
13.7109
13.2345
12.7602
12.288
11.8178
11.3496
10.8834
10.4191
9.95678
9.49632
9.03771
8.58093
8.12594
7.67273
7.22126
6.77151
6.32344
5.87704
5.43228
4.98913
4.54756
4.10755
3.66908
3.23213
2.79666
2.36269
1.93012
1.4992
1.06915
0.642131
0.211915
66.1433
62.0825
58.7825
56.8889
55.1577
53.2742
51.519
50.0269
48.7508
47.6301
46.638
45.758
44.9704
44.2544
43.5915
42.9663
42.3663
41.782
41.2063
40.6345
40.0636
39.4918
38.9182
38.3425
37.7648
37.1856
36.6052
36.0243
35.4434
34.863
34.2835
33.7054
33.1291
32.5547
31.9826
31.4129
30.8458
30.2814
29.7199
29.1612
28.6055
28.0527
27.5029
26.9562
26.4124
25.8716
25.3337
24.7988
24.2669
23.7378
23.2116
22.6883
22.1678
21.65
21.135
20.6226
20.1129
19.6059
19.1014
18.5995
18.1
17.6031
17.1085
16.6164
16.1266
15.6391
15.1539
14.6709
14.1902
13.7116
13.2352
12.7609
12.2886
11.8184
11.3502
10.884
10.4197
9.95731
9.49683
9.03821
8.58141
8.12641
7.67319
7.2217
6.77194
6.32386
5.87745
5.43268
4.98951
4.54794
4.10792
3.66944
3.23248
2.797
2.36303
1.93043
1.49957
1.06943
0.643236
0.211108
64.6039
61.7938
58.924
56.9353
55.1777
53.3558
51.6409
50.1553
48.8743
47.7469
46.747
45.8585
45.0622
44.3373
43.6654
43.0314
42.4232
41.8312
41.2486
40.6707
40.0943
39.5177
38.9398
38.3605
37.7797
37.1977
36.6151
36.0323
35.4497
34.8679
34.2873
33.7083
33.1312
32.5562
31.9836
31.4135
30.8462
30.2816
29.7199
29.1611
28.6052
28.0524
27.5026
26.9557
26.4119
25.8711
25.3333
24.7984
24.2665
23.7374
23.2113
22.6879
22.1674
21.6497
21.1347
20.6224
20.1127
19.6057
19.1012
18.5993
18.0999
17.6029
17.1084
16.6162
16.1265
15.639
15.1538
14.6709
14.1901
13.7116
13.2351
12.7608
12.2886
11.8184
11.3502
10.8839
10.4197
9.95731
9.49683
9.03821
8.58142
8.12642
7.6732
7.22172
6.77196
6.32388
5.87747
5.4327
4.98954
4.54796
4.10795
3.66947
3.2325
2.79702
2.36304
1.93043
1.49964
1.06943
0.644394
0.209564
63.6118
61.1631
58.5689
56.6733
55.0125
53.3032
51.6584
50.2008
48.9325
47.815
46.823
45.9396
45.1459
44.4215
43.7482
43.1113
42.499
41.9024
41.3147
40.7316
40.1501
39.5684
38.9858
38.402
37.817
37.2313
36.6452
36.0593
35.474
34.8898
34.307
33.7261
33.1473
32.5708
31.9969
31.4257
30.8573
30.2918
29.7293
29.1698
28.6133
28.0598
27.5095
26.9621
26.4179
25.8766
25.3384
24.8032
24.2709
23.7416
23.2152
22.6916
22.1708
21.6529
21.1376
20.6251
20.1153
19.6081
19.1035
18.6014
18.1019
17.6048
17.1101
16.6179
16.128
15.6405
15.1552
14.6721
14.1913
13.7127
13.2362
12.7618
12.2895
11.8193
11.351
10.8847
10.4204
9.95801
9.49749
9.03883
8.58201
8.12698
7.67373
7.22222
6.77243
6.32433
5.8779
5.43311
4.98993
4.54834
4.1083
3.6698
3.23282
2.79731
2.3633
1.93066
1.49984
1.06961
0.644915
0.208985
62.8148
60.4991
58.1796
56.4785
54.9212
53.2824
51.6851
50.2529
48.999
47.8928
46.9096
46.032
45.241
44.5168
43.8416
43.201
42.5837
41.9814
41.3876
40.7982
40.2106
39.6231
39.0351
38.4463
37.8569
37.267
36.6772
36.088
35.4997
34.9128
34.3277
33.7447
33.1641
32.586
32.0107
31.4382
30.8688
30.3023
29.7389
29.1786
28.6215
28.0675
27.5166
26.9688
26.4241
25.8825
25.3439
24.8084
24.2758
23.7463
23.2196
22.6958
22.1749
21.6567
21.1413
20.6287
20.1187
19.6113
19.1066
18.6044
18.1047
17.6075
17.1128
16.6204
16.1304
15.6428
15.1574
14.6743
14.1934
13.7147
13.2381
12.7636
12.2912
11.8209
11.3526
10.8863
10.4219
9.95941
9.49883
9.04012
8.58324
8.12816
7.67486
7.2233
6.77347
6.32533
5.87886
5.43403
4.99081
4.54918
4.10911
3.67058
3.23355
2.798
2.36392
1.93122
1.50021
1.06998
0.644453
0.209564
62.204
59.9789
57.8445
56.2903
54.8101
53.2246
51.6744
50.2776
49.0475
47.9585
46.9887
46.1207
45.3358
44.6146
43.9395
43.2968
42.6757
42.0683
41.4688
40.8735
40.2799
39.6868
39.0935
38.4998
37.9058
37.3118
36.7183
36.1257
35.5344
34.9448
34.3572
33.772
33.1894
32.6096
32.0327
31.4588
30.888
30.3203
29.7559
29.1946
28.6366
28.0817
27.53
26.9815
26.4362
25.894
25.3548
24.8188
24.2857
23.7557
23.2286
22.7044
22.1831
21.6646
21.1489
20.6359
20.1256
19.618
19.113
18.6106
18.1107
17.6132
17.1183
16.6257
16.1356
15.6477
15.1622
14.6789
14.1978
13.719
13.2423
12.7677
12.2952
11.8247
11.3563
10.8898
10.4254
9.96279
9.50213
9.04332
8.58636
8.1312
7.67782
7.22619
6.77628
6.32808
5.88154
5.43665
4.99338
4.55169
4.11157
3.67298
3.2359
2.80029
2.36612
1.93334
1.50206
1.07179
0.644921
0.211427
61.773
59.5999
57.5542
56.0856
54.6701
53.1368
51.6316
50.2697
49.0644
47.994
47.0392
46.183
45.4063
44.6895
44.0157
43.3716
42.7472
42.1352
41.5303
40.9292
40.3299
39.7313
39.1328
38.5342
37.9359
37.338
36.7411
36.1455
35.5515
34.9597
34.3702
33.7833
33.1993
32.6182
32.0402
31.4655
30.8939
30.3256
29.7606
29.1988
28.6403
28.0851
27.5331
26.9843
26.4387
25.8962
25.3569
24.8206
24.2874
23.7573
23.23
22.7057
22.1843
21.6657
21.1499
20.6369
20.1265
19.6189
19.1138
18.6113
18.1113
17.6139
17.1189
16.6263
16.1361
15.6482
15.1626
14.6793
14.1982
13.7193
13.2426
12.7679
12.2954
11.8249
11.3565
10.89
10.4255
9.96292
9.50223
9.04341
8.58643
8.13125
7.67786
7.22622
6.77631
6.32809
5.88155
5.43666
4.99338
4.5517
4.11158
3.673
3.23592
2.80032
2.36614
1.93336
1.50197
1.07168
0.644182
0.211662
61.5178
59.3907
57.4062
56.0038
54.6423
53.1448
51.6642
50.3215
49.1318
48.0742
47.1304
46.2835
45.5135
44.8005
44.1275
43.4816
42.8534
42.236
41.6248
41.0169
40.4106
39.8051
39.1998
38.595
37.9908
37.3875
36.7857
36.1856
35.5877
34.9923
34.3996
33.8099
33.2233
32.6399
32.0599
31.4833
30.9101
30.3403
29.7739
29.211
28.6514
28.0951
27.5422
26.9926
26.4463
25.9032
25.3633
24.8265
24.2928
23.7621
23.2345
22.7098
22.1881
21.6692
21.1531
20.6398
20.1292
19.6213
19.116
18.6133
18.1132
17.6156
17.1204
16.6277
16.1374
15.6494
15.1637
14.6803
14.1992
13.7202
13.2434
12.7687
12.2961
11.8256
11.3571
10.8906
10.426
9.96339
9.50267
9.04382
8.58681
8.13162
7.6782
7.22655
6.77662
6.3284
5.88185
5.43696
4.99369
4.55202
4.11192
3.67336
3.23632
2.80076
2.36666
1.93394
1.50276
1.07245
0.645816
0.211226
61.4935
59.1978
57.1376
55.7772
54.4808
53.0272
51.5769
50.2609
49.0943
48.0549
47.1249
46.2889
45.5274
44.8205
44.1512
43.507
42.8787
42.2601
41.647
41.0367
40.4279
39.8197
39.212
38.6048
37.9984
37.3933
36.7899
36.1884
35.5894
34.993
34.3994
33.809
33.2218
32.6379
32.0574
31.4803
30.9067
30.3366
29.7699
29.2066
28.6468
28.0904
27.5373
26.9875
26.441
25.8978
25.3577
24.8209
24.2871
23.7564
23.2287
22.7039
22.1821
21.6632
21.1471
20.6337
20.1231
19.6152
19.1099
18.6073
18.1071
17.6095
17.1144
16.6217
16.1314
15.6434
15.1578
14.6744
14.1933
13.7143
13.2376
12.7629
12.2904
11.8199
11.3514
10.885
10.4205
9.9579
9.49723
9.03844
8.58148
8.12634
7.67299
7.2214
6.77153
6.32338
5.8769
5.43208
4.9889
4.54731
4.10732
3.66888
3.23198
2.79658
2.36273
1.93024
1.49971
1.06955
0.645944
0.208031
62.6776
59.9324
57.5264
56.0212
54.6595
53.1553
51.6689
50.3382
49.1733
48.1434
47.2253
46.4002
45.6469
44.9445
44.2758
43.6286
42.9945
42.3681
41.7458
41.1258
40.5071
39.8893
39.2724
38.6566
38.0423
37.4301
36.8204
36.2134
35.6095
35.0089
34.4118
33.8182
33.2283
32.6421
32.0597
31.481
30.906
30.3347
29.7671
29.2031
28.6427
28.0858
27.5324
26.9824
26.4357
25.8923
25.3523
24.8154
24.2816
23.7509
23.2233
22.6986
22.1769
21.6581
21.1421
20.6289
20.1184
19.6106
19.1055
18.6029
18.1029
17.6055
17.1105
16.6179
16.1277
15.6399
15.1543
14.6711
14.1901
13.7113
13.2346
12.7601
12.2876
11.8173
11.3489
10.8825
10.4181
9.95567
9.4951
9.0364
8.57953
8.12448
7.67122
7.21971
6.76993
6.32186
5.87547
5.43074
4.98764
4.54616
4.10626
3.66794
3.23117
2.79594
2.36228
1.93004
1.49968
1.06985
0.644833
0.209681
67.8628
63.1354
59.2912
57.0421
55.1652
53.2635
51.5218
50.0387
48.7663
47.6477
46.6571
45.7782
44.9912
44.2753
43.6122
42.9864
42.3856
41.8
41.2228
40.6495
40.0768
39.5032
38.9278
38.3504
37.7711
37.1903
36.6085
36.0264
35.4444
34.863
34.2827
33.704
33.1271
32.5523
31.9798
31.4099
30.8426
30.2781
29.7165
29.1578
28.6021
28.0494
27.4996
26.9529
26.4092
25.8685
25.3307
24.7959
24.2641
23.7351
23.209
22.6858
22.1653
21.6477
21.1327
20.6205
20.1109
19.6039
19.0995
18.5976
18.0982
17.6013
17.1069
16.6148
16.125
15.6376
15.1525
14.6696
14.1889
13.7103
13.2339
12.7597
12.2874
11.8173
11.3491
10.8829
10.4187
9.95632
9.49587
9.03727
8.5805
8.12553
7.67233
7.22087
6.77112
6.32307
5.87668
5.43192
4.98878
4.54722
4.10722
3.66876
3.23181
2.79634
2.36238
1.9298
1.49893
1.06882
0.642399
0.211105
64.6039
61.7938
58.924
56.9353
55.1777
53.3558
51.6409
50.1553
48.8743
47.7469
46.747
45.8585
45.0622
44.3373
43.6654
43.0314
42.4232
41.8312
41.2486
40.6707
40.0943
39.5177
38.9398
38.3605
37.7797
37.1977
36.6151
36.0322
35.4497
34.8679
34.2873
33.7083
33.1312
32.5562
31.9836
31.4135
30.8462
30.2816
29.7199
29.1611
28.6052
28.0524
27.5026
26.9557
26.4119
25.8711
25.3333
24.7984
24.2665
23.7374
23.2113
22.688
22.1674
21.6497
21.1347
20.6224
20.1127
19.6057
19.1012
18.5993
18.0999
17.6029
17.1084
16.6162
16.1265
15.639
15.1538
14.6709
14.1901
13.7116
13.2351
12.7608
12.2886
11.8184
11.3502
10.8839
10.4197
9.95731
9.49683
9.03821
8.58142
8.12642
7.6732
7.22172
6.77196
6.32388
5.87747
5.4327
4.98954
4.54796
4.10795
3.66947
3.2325
2.79702
2.36304
1.93043
1.49964
1.06943
0.644394
0.209564
63.0444
61.4988
59.0959
57.0058
55.2051
53.4536
51.8028
50.3459
49.0761
47.9506
46.9433
46.0397
45.2239
44.4779
43.7851
43.1314
42.5057
41.8987
41.3037
40.7156
40.131
39.5478
38.9647
38.3812
37.797
37.2123
36.6275
36.0428
35.4587
34.8755
34.2938
33.7139
33.1359
32.5602
31.987
31.4164
30.8486
30.2837
29.7217
29.1626
28.6066
28.0536
27.5036
26.9566
26.4127
25.8718
25.3339
24.799
24.267
23.7379
23.2117
22.6884
22.1678
21.6501
21.135
20.6227
20.1131
19.606
19.1016
18.5996
18.1002
17.6033
17.1087
16.6166
16.1268
15.6394
15.1542
14.6712
14.1905
13.7119
13.2355
12.7612
12.2889
11.8187
11.3505
10.8843
10.42
9.95765
9.49717
9.03855
8.58175
8.12675
7.67352
7.22204
6.77227
6.3242
5.87778
5.433
4.98984
4.54826
4.10823
3.66975
3.23277
2.79727
2.36327
1.93064
1.49993
1.06972
0.646436
0.206665
62.0436
60.86
58.7426
56.7449
55.0397
53.4126
51.8477
50.4281
49.1741
48.0581
47.0558
46.1524
45.3337
44.5829
43.8843
43.2241
42.5915
41.9775
41.3757
40.781
40.1903
39.6015
39.0133
38.4252
37.8369
37.2486
36.6604
36.0728
35.4861
34.9007
34.3169
33.735
33.1553
32.5781
32.0035
31.4317
30.8628
30.2968
29.7339
29.174
28.6172
28.0635
27.5129
26.9653
26.4209
25.8794
25.3411
24.8057
24.2733
23.7438
23.2172
22.6935
22.1727
21.6546
21.1394
20.6268
20.1169
19.6096
19.1049
18.6028
18.1032
17.6061
17.1114
16.6192
16.1292
15.6416
15.1563
14.6733
14.1924
13.7138
13.2372
12.7628
12.2905
11.8202
11.3519
10.8856
10.4213
9.95888
9.49835
9.03967
8.58282
8.12778
7.67451
7.22299
6.77318
6.32507
5.87863
5.43382
4.99062
4.54901
4.10896
3.67044
3.23342
2.79788
2.36381
1.93111
1.50029
1.07011
0.646795
0.206116
61.2383
60.1813
58.3467
56.5555
54.9593
53.4085
51.8987
50.5103
49.2732
48.1685
47.1728
46.2709
45.4495
44.6936
43.9883
43.3206
42.6799
42.0577
41.4476
40.8452
40.2474
39.6521
39.0582
38.4651
37.8725
37.2805
36.6891
36.0987
35.5095
34.9219
34.3361
33.7526
33.1714
32.5928
32.0171
31.4442
30.8744
30.3076
29.7439
29.1834
28.626
28.0718
27.5207
26.9727
26.4278
25.886
25.3473
24.8115
24.2788
23.7491
23.2223
22.6984
22.1773
21.659
21.1436
20.6308
20.1207
19.6133
19.1085
18.6062
18.1065
17.6093
17.1144
16.622
16.132
15.6443
15.1589
14.6757
14.1948
13.716
13.2394
12.7649
12.2925
11.8221
11.3538
10.8874
10.423
9.96051
9.49991
9.04118
8.58427
8.12917
7.67585
7.22428
6.77442
6.32626
5.87977
5.43492
4.99168
4.55003
4.10994
3.67137
3.2343
2.79869
2.3645
1.93169
1.50046
1.07025
0.644651
0.208459
60.6192
59.6484
58.0042
56.3679
54.8512
53.3558
51.8997
50.5539
49.3447
48.2576
47.2729
46.3767
45.5566
44.7991
44.0903
43.4178
42.7713
42.1429
41.5265
40.9178
40.3139
39.713
39.114
38.5163
37.9195
37.3237
36.7289
36.1355
35.5435
34.9534
34.3654
33.7798
33.1968
32.6165
32.0393
31.465
30.894
30.3261
29.7614
29.1999
28.6416
28.0866
27.5347
26.986
26.4405
25.898
25.3587
24.8224
24.2892
23.759
23.2317
22.7074
22.1859
21.6673
21.1515
20.6384
20.128
19.6203
19.1152
18.6127
18.1128
17.6153
17.1203
16.6276
16.1374
15.6495
15.1639
14.6806
14.1995
13.7206
13.2438
12.7692
12.2966
11.8261
11.3577
10.8912
10.4267
9.96406
9.50336
9.04453
8.58753
8.13235
7.67894
7.22729
6.77736
6.32914
5.88258
5.43766
4.99437
4.55266
4.1125
3.67388
3.23674
2.80104
2.36672
1.93377
1.50204
1.07173
0.643263
0.212488
60.1815
59.2597
57.7053
56.1574
54.7068
53.2667
51.8611
50.5554
49.3733
48.3046
47.3333
46.4466
45.6322
44.8767
44.1671
43.4915
42.8406
42.2067
41.5843
40.9696
40.3599
39.7537
39.1497
38.5475
37.9468
37.3474
36.7496
36.1534
35.5591
34.967
34.3772
33.7901
33.2058
32.6245
32.0463
31.4713
30.8996
30.3311
29.7659
29.204
28.6454
28.09
27.5378
26.9889
26.4431
25.9004
25.3609
24.8245
24.2911
23.7607
23.2333
22.7089
22.1873
21.6686
21.1527
20.6395
20.1291
19.6213
19.1161
18.6136
18.1135
17.616
17.1209
16.6282
16.1379
15.65
15.1644
14.681
14.1998
13.7209
13.2441
12.7694
12.2968
11.8263
11.3578
10.8913
10.4268
9.96414
9.50341
9.04456
8.58755
8.13234
7.67892
7.22726
6.77732
6.32908
5.88251
5.4376
4.9943
4.55259
4.11243
3.67381
3.23667
2.80097
2.36663
1.93363
1.50169
1.07133
0.641583
0.213671
59.9211
59.0433
57.5522
56.0748
54.6823
53.2822
51.9054
50.6216
49.4552
48.3975
47.4349
46.5551
45.7452
44.9913
44.2802
43.6011
42.9447
42.3044
41.6751
41.0533
40.4367
39.8237
39.2134
38.6052
37.9989
37.3945
36.792
36.1915
35.5934
34.9978
34.405
33.8151
33.2284
32.6449
32.0648
31.488
30.9147
30.3449
29.7784
29.2154
28.6557
28.0994
27.5464
26.9967
26.4502
25.9069
25.3669
24.8299
24.2961
23.7653
23.2376
22.7128
22.1909
21.6719
21.1557
20.6423
20.1317
19.6237
19.1183
18.6156
18.1154
17.6177
17.1225
16.6297
16.1393
15.6513
15.1655
14.6821
14.2008
13.7218
13.245
12.7702
12.2976
11.827
11.3585
10.8919
10.4273
9.96466
9.5039
9.04502
8.58798
8.13275
7.6793
7.22762
6.77766
6.32941
5.88284
5.43792
4.99462
4.55292
4.11279
3.67419
3.23709
2.80144
2.36719
1.9343
1.50267
1.07233
0.644194
0.211855
59.8949
58.846
57.2757
55.8391
54.5115
53.1552
51.8107
50.5581
49.4196
48.3829
47.4347
46.5651
45.7627
45.014
44.3059
43.6275
42.9705
42.3286
41.6972
41.0731
40.4541
39.8388
39.2262
38.616
38.0078
37.4017
36.7976
36.1959
35.5966
35
34.4063
33.8157
33.2284
32.6443
32.0637
31.4865
30.9127
30.3424
29.7755
29.2121
28.6521
28.0954
27.5421
26.9921
26.4454
25.9019
25.3616
24.8245
24.2905
23.7595
23.2316
22.7067
22.1847
21.6656
21.1493
20.6359
20.1251
19.6171
19.1117
18.6089
18.1086
17.6109
17.1157
16.6229
16.1325
15.6445
15.1587
14.6753
14.1941
13.7151
13.2383
12.7636
12.291
11.8205
11.352
10.8855
10.4209
9.95835
9.49765
9.03883
8.58185
8.12669
7.67332
7.22171
6.77183
6.32366
5.87717
5.43234
4.98914
4.54755
4.10754
3.66909
3.23217
2.79675
2.36284
1.93032
1.49981
1.06979
0.647917
0.204443
61.0711
59.5617
57.6327
56.0537
54.6702
53.2675
51.8865
50.6184
49.4806
48.4512
47.5115
46.65
45.8542
45.11
44.4038
43.7247
43.0646
42.4176
41.7798
41.1483
40.5215
39.8983
39.278
38.6603
38.0451
37.4325
36.8227
36.2158
35.612
35.0115
34.4144
33.8209
33.231
32.6449
32.0624
31.4836
30.9086
30.3372
29.7694
29.2052
28.6446
28.0874
27.5338
26.9835
26.4366
25.893
25.3527
24.8156
24.2817
23.7508
23.2231
22.6983
22.1764
21.6575
21.1414
20.6281
20.1176
19.6097
19.1045
18.6019
18.1019
17.6044
17.1093
16.6167
16.1265
15.6387
15.1532
14.6699
14.1889
13.7101
13.2334
12.7589
12.2865
11.8161
11.3478
10.8814
10.4171
9.9546
9.49405
9.03536
8.57852
8.12348
7.67024
7.21875
6.76899
6.32094
5.87458
5.42986
4.98679
4.54533
4.10546
3.66716
3.23042
2.79523
2.36162
1.92947
1.49938
1.06971
0.646735
0.20584
66.8592
62.5194
58.9638
56.8138
55.0277
53.2208
51.534
50.0728
48.8126
47.705
46.7234
45.8503
45.0663
44.3509
43.6861
43.057
42.452
41.8619
41.28
40.7019
40.1247
39.5467
38.9672
38.3859
37.803
37.219
36.6343
36.0495
35.4652
34.8818
34.2997
33.7193
33.1409
32.5648
31.9912
31.4203
30.8521
30.2868
29.7245
29.1651
28.6088
28.0555
27.5053
26.9581
26.414
25.8729
25.3348
24.7997
24.2676
23.7383
23.212
22.6885
22.1679
21.65
21.1349
20.6225
20.1127
19.6056
19.101
18.599
18.0995
17.6025
17.108
16.6158
16.126
15.6384
15.1532
14.6702
14.1895
13.7109
13.2345
12.7601
12.2879
11.8176
11.3494
10.8832
10.4189
9.95654
9.49606
9.03744
8.58064
8.12564
7.67242
7.22094
6.77118
6.32311
5.87671
5.43194
4.98878
4.54721
4.10721
3.66873
3.23177
2.79629
2.3623
1.9297
1.49882
1.06867
0.642464
0.210616
63.6118
61.1631
58.5688
56.6733
55.0126
53.3032
51.6584
50.2007
48.9325
47.815
46.823
45.9396
45.1459
44.4215
43.7482
43.1113
42.499
41.9024
41.3148
40.7316
40.1501
39.5684
38.9858
38.4019
37.817
37.2313
36.6452
36.0593
35.474
34.8898
34.307
33.7261
33.1473
32.5708
31.9969
31.4257
30.8573
30.2918
29.7293
29.1698
28.6133
28.0598
27.5095
26.9621
26.4179
25.8766
25.3384
24.8032
24.2709
23.7416
23.2152
22.6916
22.1708
21.6529
21.1377
20.6251
20.1153
19.6081
19.1035
18.6014
18.1019
17.6048
17.1101
16.6179
16.128
15.6405
15.1552
14.6721
14.1913
13.7127
13.2362
12.7618
12.2895
11.8193
11.351
10.8847
10.4204
9.95801
9.49749
9.03883
8.58201
8.12698
7.67373
7.22222
6.77243
6.32433
5.8779
5.43311
4.98993
4.54834
4.1083
3.6698
3.23282
2.79731
2.3633
1.93066
1.49984
1.06961
0.644914
0.208985
62.0437
60.86
58.7426
56.7449
55.0397
53.4126
51.8476
50.4281
49.174
48.0581
47.0558
46.1525
45.3337
44.5829
43.8842
43.2241
42.5915
41.9776
41.3757
40.781
40.1903
39.6015
39.0133
38.4252
37.8369
37.2486
36.6604
36.0728
35.4861
34.9007
34.3169
33.735
33.1553
32.5781
32.0035
31.4317
30.8628
30.2968
29.7339
29.174
28.6172
28.0635
27.5129
26.9653
26.4209
25.8795
25.3411
24.8057
24.2733
23.7438
23.2172
22.6935
22.1727
21.6546
21.1394
20.6268
20.1169
19.6096
19.1049
18.6028
18.1032
17.6061
17.1114
16.6192
16.1292
15.6416
15.1563
14.6733
14.1924
13.7138
13.2372
12.7628
12.2905
11.8202
11.3519
10.8856
10.4213
9.95888
9.49835
9.03967
8.58282
8.12778
7.67451
7.22299
6.77318
6.32507
5.87863
5.43382
4.99062
4.54901
4.10896
3.67044
3.23342
2.79788
2.36381
1.93111
1.50028
1.07011
0.646795
0.206116
61.0413
60.2306
58.4038
56.4924
54.8765
53.3784
51.9092
50.5337
49.2976
48.1907
47.1906
46.2829
45.4558
44.6956
43.9877
43.3188
42.678
42.0564
41.4475
40.8463
40.2496
39.6555
39.0626
38.4703
37.8784
37.2869
36.6959
36.1058
35.5167
34.9291
34.3433
33.7595
33.1781
32.5993
32.0232
31.45
30.8799
30.3128
29.7489
29.1881
28.6305
28.076
27.5247
26.9765
26.4314
25.8894
25.3505
24.8146
24.2817
23.7517
23.2247
22.7007
22.1794
21.661
21.1454
20.6325
20.1224
19.6148
19.1099
18.6076
18.1078
17.6104
17.1156
16.6231
16.133
15.6452
15.1598
14.6766
14.1956
13.7168
13.2401
12.7656
12.2932
11.8228
11.3544
10.888
10.4236
9.96109
9.50047
9.04172
8.58481
8.1297
7.67636
7.22478
6.77492
6.32675
5.88025
5.43539
4.99215
4.55049
4.11038
3.6718
3.23471
2.79907
2.36486
1.93201
1.50078
1.07057
0.645469
0.207569
60.2341
59.5529
58.0105
56.3066
54.8006
53.3831
51.9757
50.6365
49.4197
48.3244
47.3294
46.4199
45.5858
44.8161
44.098
43.4188
42.7678
42.1362
41.5177
40.9077
40.303
39.7018
39.1028
38.5055
37.9095
37.3145
36.7208
36.1283
35.5372
34.9479
34.3606
33.7754
33.1928
32.6128
32.0358
31.4617
30.8908
30.3231
29.7586
29.1973
28.6393
28.0844
27.5327
26.9842
26.4388
25.8965
25.3572
24.821
24.2879
23.7577
23.2305
22.7061
22.1847
21.6661
21.1503
20.6373
20.1269
19.6193
19.1142
18.6117
18.1118
17.6144
17.1194
16.6268
16.1366
15.6487
15.1631
14.6798
14.1987
13.7198
13.243
12.7684
12.2959
11.8254
11.357
10.8905
10.426
9.96339
9.5027
9.04388
8.58689
8.13172
7.67832
7.22668
6.77676
6.32853
5.88198
5.43707
4.99377
4.55205
4.11189
3.67324
3.23606
2.8003
2.36587
1.93277
1.50071
1.07029
0.64001
0.213637
59.6114
59.0186
57.6701
56.1247
54.6992
53.3386
51.989
50.6969
49.5104
48.4329
47.4473
46.5404
45.7037
44.9284
44.2035
43.517
42.8585
42.2195
41.5938
40.9768
40.3658
39.7588
39.1548
38.553
37.9531
37.3549
36.7582
36.1631
35.5697
34.9782
34.3888
33.8018
33.2174
32.6359
32.0574
31.482
30.9099
30.3411
29.7756
29.2134
28.6545
28.0989
27.5465
26.9973
26.4512
25.9083
25.3685
24.8318
24.2981
23.7675
23.2398
22.7151
22.1933
21.6743
21.1582
20.6449
20.1343
19.6263
19.121
18.6183
18.1182
17.6205
17.1253
16.6325
16.1421
15.6541
15.1683
14.6849
14.2036
13.7246
13.2477
12.773
12.3003
11.8297
11.3611
10.8945
10.4299
9.96724
9.50645
9.04754
8.59047
8.13521
7.68174
7.23002
6.78003
6.33173
5.88511
5.44014
4.99678
4.555
4.11477
3.67605
3.23878
2.8029
2.36825
1.93488
1.50192
1.07122
0.635795
0.220919
59.1701
58.6284
57.3722
55.9164
54.5573
53.2534
51.9576
50.7087
49.5507
48.4912
47.5178
46.6187
45.7857
45.0104
44.2826
43.5915
42.9271
42.2816
41.649
41.0254
40.4081
39.7955
39.1865
38.5804
37.9768
37.3753
36.7758
36.1783
35.5828
34.9894
34.3985
33.8102
33.2247
32.6423
32.063
31.487
30.9144
30.3451
29.7793
29.2168
28.6576
28.1017
27.5491
26.9997
26.4534
25.9103
25.3704
24.8335
24.2997
23.7689
23.2411
22.7163
22.1944
21.6754
21.1592
20.6458
20.1351
19.6271
19.1218
18.619
18.1188
17.6211
17.1259
16.6331
16.1426
15.6545
15.1687
14.6852
14.204
13.7249
13.248
12.7732
12.3005
11.8299
11.3613
10.8947
10.43
9.96731
9.50651
9.04757
8.59049
8.13521
7.68172
7.22998
6.77998
6.33168
5.88505
5.44007
4.99671
4.55493
4.1147
3.67597
3.23869
2.80279
2.36808
1.9346
1.50127
1.07045
0.632957
0.223322
58.906
58.4093
57.2181
55.8353
54.5369
53.2759
52.0119
50.7868
49.6446
48.5948
47.6282
46.7342
45.904
45.1283
44.3973
43.7006
43.0293
42.376
41.7356
41.1044
40.48
39.8608
39.2457
38.634
38.0252
37.4189
36.815
36.2134
35.6142
35.0176
34.4237
33.8328
33.245
32.6605
32.0795
31.5019
30.9279
30.3574
29.7904
29.2268
28.6667
28.11
27.5565
27.0064
26.4595
25.9159
25.3754
24.8381
24.3039
23.7727
23.2446
22.7195
22.1974
21.6781
21.1617
20.6481
20.1372
19.6291
19.1236
18.6207
18.1203
17.6225
17.1272
16.6342
16.1437
15.6555
15.1697
14.6861
14.2048
13.7256
13.2487
12.7739
12.3011
11.8305
11.3618
10.8952
10.4305
9.9678
9.50697
9.04801
8.5909
8.1356
7.6821
7.23035
6.78033
6.33202
5.88539
5.44041
4.99705
4.55528
4.11508
3.67639
3.23916
2.80333
2.36875
1.93545
1.50257
1.07186
0.636401
0.220416
58.8784
58.21
56.937
55.5937
54.3606
53.1448
51.9152
50.7244
49.6127
48.5851
47.6329
46.7486
45.9255
45.1546
44.426
43.7295
43.0567
42.4013
41.7584
41.1247
40.498
39.8766
39.2596
38.646
38.0354
37.4274
36.8219
36.2188
35.6182
35.0204
34.4256
33.8338
33.2453
32.6602
32.0786
31.5006
30.9261
30.3551
29.7876
29.2236
28.663
28.1059
27.552
27.0015
26.4543
25.9103
25.3696
24.832
24.2976
23.7663
23.2381
22.7128
22.1906
21.6712
21.1547
20.641
20.13
19.6218
19.1162
18.6133
18.1129
17.615
17.1196
16.6267
16.1361
15.6479
15.1621
14.6785
14.1972
13.7181
13.2412
12.7664
12.2937
11.8231
11.3545
10.8879
10.4233
9.96065
9.49988
9.04099
8.58394
8.12871
7.67528
7.2236
6.77366
6.32544
5.8789
5.43401
4.99076
4.54911
4.10905
3.67054
3.23354
2.79803
2.36397
1.93129
1.50028
1.07027
0.645311
0.207351
60.0475
58.922
57.2917
55.8081
54.5209
53.2573
51.9894
50.7826
49.6719
48.6508
47.7051
46.8267
46.0085
45.2411
44.5136
43.8155
43.1389
42.4776
41.8276
41.1861
40.5512
39.9218
39.297
38.6761
38.0587
37.4445
36.8334
36.2256
35.6209
35.0196
34.4219
33.8278
33.2374
32.6508
32.068
31.4889
30.9137
30.3421
29.7741
29.2098
28.649
28.0916
27.5377
26.9872
26.4401
25.8963
25.3558
24.8185
24.2844
23.7534
23.2255
22.7006
22.1787
21.6597
21.1435
20.6301
20.1195
19.6116
19.1063
18.6036
18.1035
17.6059
17.1108
16.6181
16.1278
15.6399
15.1543
14.671
14.1899
13.711
13.2343
12.7597
12.2873
11.8168
11.3485
10.8821
10.4176
9.95513
9.49453
9.0358
8.57892
8.12385
7.67056
7.21904
6.76925
6.32117
5.87477
5.43003
4.98694
4.54545
4.10556
3.66725
3.23051
2.79532
2.36174
1.92966
1.49977
1.07031
0.648344
0.203597
66.0637
61.8749
58.5895
56.619
54.93
53.1912
51.5491
50.1116
48.8658
47.7704
46.7996
45.9349
45.1561
44.443
43.7776
43.1459
42.5366
41.9412
41.3535
40.7693
40.1861
39.6023
39.0173
38.431
37.8436
37.2554
36.6671
36.079
35.4917
34.9057
34.3213
33.7389
33.1587
32.5811
32.0061
31.4339
30.8646
30.2983
29.7351
29.175
28.618
28.0641
27.5133
26.9656
26.421
25.8795
25.3411
24.8056
24.2731
23.7436
23.217
22.6933
22.1724
21.6543
21.139
20.6264
20.1164
19.6091
19.1044
18.6023
18.1026
17.6055
17.1108
16.6185
16.1285
15.6409
15.1556
14.6725
14.1916
13.7129
13.2364
12.762
12.2896
11.8193
11.351
10.8847
10.4204
9.95795
9.49741
9.03872
8.58187
8.12681
7.67354
7.22201
6.7722
6.32408
5.87763
5.43283
4.98963
4.54802
4.10798
3.66946
3.23246
2.79694
2.36289
1.93024
1.49923
1.06905
0.642385
0.210712
62.8148
60.4991
58.1796
56.4785
54.9212
53.2825
51.6851
50.2528
48.999
47.8928
46.9097
46.032
45.241
44.5168
43.8415
43.2009
42.5837
41.9814
41.3876
40.7983
40.2106
39.6231
39.0351
38.4463
37.8568
37.267
36.6772
36.088
35.4997
34.9129
34.3278
33.7448
33.1641
32.586
32.0107
31.4382
30.8687
30.3023
29.7389
29.1786
28.6215
28.0674
27.5166
26.9688
26.4241
25.8825
25.3439
24.8084
24.2758
23.7463
23.2196
22.6958
22.1749
21.6567
21.1413
20.6287
20.1187
19.6113
19.1066
18.6044
18.1047
17.6075
17.1128
16.6204
16.1304
15.6428
15.1574
14.6743
14.1934
13.7147
13.2381
12.7636
12.2912
11.8209
11.3526
10.8863
10.4219
9.95941
9.49883
9.04012
8.58324
8.12816
7.67486
7.2233
6.77347
6.32533
5.87886
5.43403
4.99081
4.54918
4.10911
3.67058
3.23355
2.798
2.36392
1.93122
1.50021
1.06998
0.644453
0.209564
61.2383
60.1813
58.3467
56.5555
54.9594
53.4086
51.8987
50.5102
49.2732
48.1685
47.1729
46.271
45.4495
44.6935
43.9883
43.3206
42.6798
42.0577
41.4477
40.8453
40.2474
39.6521
39.0582
38.4651
37.8725
37.2804
36.6891
36.0987
35.5095
34.9219
34.3362
33.7526
33.1714
32.5929
32.0171
31.4442
30.8744
30.3076
29.7439
29.1834
28.626
28.0718
27.5207
26.9727
26.4278
25.886
25.3473
24.8116
24.2788
23.7491
23.2223
22.6984
22.1773
21.659
21.1436
20.6308
20.1207
19.6133
19.1085
18.6062
18.1065
17.6093
17.1144
16.622
16.132
15.6443
15.1589
14.6757
14.1948
13.716
13.2394
12.7649
12.2925
11.8221
11.3538
10.8874
10.423
9.96051
9.49991
9.04118
8.58427
8.12917
7.67585
7.22428
6.77442
6.32626
5.87977
5.43492
4.99168
4.55003
4.10994
3.67137
3.2343
2.79869
2.3645
1.93169
1.50046
1.07025
0.644651
0.208459
60.2341
59.5529
58.0105
56.3066
54.8006
53.3831
51.9757
50.6364
49.4197
48.3244
47.3295
46.4199
45.5858
44.8161
44.098
43.4188
42.7677
42.1362
41.5178
40.9077
40.3031
39.7018
39.1029
38.5055
37.9094
37.3145
36.7207
36.1282
35.5372
34.9479
34.3606
33.7754
33.1928
32.6129
32.0358
31.4618
30.8908
30.3231
29.7586
29.1973
28.6392
28.0844
27.5327
26.9842
26.4388
25.8965
25.3572
24.821
24.2879
23.7577
23.2305
22.7062
22.1847
21.6661
21.1503
20.6373
20.1269
19.6193
19.1142
18.6117
18.1118
17.6143
17.1194
16.6268
16.1366
15.6487
15.1631
14.6798
14.1987
13.7198
13.243
12.7684
12.2959
11.8254
11.357
10.8905
10.426
9.96339
9.5027
9.04388
8.58689
8.13172
7.67832
7.22668
6.77676
6.32853
5.88198
5.43707
4.99377
4.55205
4.11189
3.67324
3.23606
2.8003
2.36587
1.93277
1.50071
1.07029
0.640011
0.213637
59.4262
58.8732
57.6121
56.1165
54.7251
53.3944
52.0552
50.7567
49.5614
48.4781
47.4873
46.5735
45.729
44.9462
44.2148
43.5229
42.8598
42.2168
41.5874
40.9672
40.3534
39.7441
39.1384
38.5355
37.9351
37.3369
36.7406
36.1462
35.5536
34.963
34.3745
33.7883
33.2047
32.6239
32.046
31.4713
30.8998
30.3316
29.7667
29.2051
28.6468
28.0917
27.5398
26.9911
26.4455
25.903
25.3636
24.8272
24.2939
23.7635
23.236
22.7115
22.1899
21.6711
21.1552
20.642
20.1315
19.6237
19.1186
18.616
18.1159
17.6184
17.1233
16.6306
16.1403
15.6523
15.1666
14.6832
14.202
13.723
13.2462
12.7715
12.2989
11.8283
11.3597
10.8932
10.4286
9.96596
9.5052
9.04631
8.58927
8.13403
7.68058
7.22888
6.7789
6.33063
5.88402
5.43906
4.9957
4.55393
4.1137
3.67497
3.23767
2.80174
2.36698
1.93346
1.50002
1.06914
0.630664
0.223639
58.8014
58.3363
57.2684
55.9338
54.6266
53.3565
52.0786
50.8304
49.6674
48.6027
47.6207
46.7076
45.8576
45.066
44.3248
43.6235
42.9514
42.2997
41.662
41.0341
40.4131
39.7976
39.1865
38.5791
37.975
37.3737
36.7748
36.1781
35.5836
34.9911
34.4008
33.813
33.2278
32.6455
32.0663
31.4903
30.9176
30.3484
29.7826
29.2201
28.6611
28.1053
27.5528
27.0034
26.4573
25.9142
25.3743
24.8374
24.3035
23.7727
23.2448
22.7199
22.1979
21.6788
21.1626
20.6491
20.1384
19.6304
19.125
18.6222
18.122
17.6242
17.1289
16.6361
16.1456
15.6575
15.1716
14.6881
14.2068
13.7276
13.2507
12.7759
12.3031
11.8325
11.3638
10.8972
10.4325
9.96974
9.50891
9.04994
8.59282
8.13751
7.68399
7.23222
6.78219
6.33385
5.88719
5.44216
4.99875
4.55692
4.11663
3.67781
3.2404
2.8043
2.36923
1.93529
1.50058
1.06924
0.62418
0.232916
58.3577
57.9443
56.9686
55.7244
54.4848
53.2731
52.0518
50.8497
49.7169
48.6706
47.7002
46.7937
45.9455
45.1519
44.406
43.6985
43.0193
42.3602
41.7151
41.0801
40.4527
39.8314
39.2153
38.6036
37.9959
37.3915
36.79
36.191
35.5945
35.0004
34.4087
33.8197
33.2335
32.6504
32.0705
31.494
30.921
30.3514
29.7853
29.2227
28.6634
28.1075
27.5548
27.0053
26.4589
25.9157
25.3756
24.8386
24.3046
23.7736
23.2457
22.7207
22.1986
21.6795
21.1632
20.6496
20.1389
19.6308
19.1254
18.6225
18.1222
17.6245
17.1291
16.6362
16.1457
15.6576
15.1717
14.6881
14.2067
13.7276
13.2506
12.7757
12.303
11.8323
11.3636
10.897
10.4323
9.96951
9.50866
9.04968
8.59255
8.13723
7.6837
7.23192
6.78188
6.33354
5.88687
5.44185
4.99845
4.55662
4.11632
3.67751
3.24008
2.80394
2.36877
1.93467
1.49946
1.06794
0.620688
0.235564
58.0909
57.722
56.8114
55.6415
54.4653
53.2996
52.1127
50.9365
49.8205
48.7837
47.8193
46.9167
46.0698
45.274
44.5229
43.8078
43.1199
42.4516
41.7977
41.1545
40.5197
39.8919
39.2701
38.6532
38.0406
37.4317
36.826
36.2232
35.623
35.0256
34.4311
33.8395
33.2512
32.6662
32.0848
31.5069
30.9327
30.3621
29.795
29.2315
28.6714
28.1146
27.5612
27.011
26.4641
25.9203
25.3797
24.8423
24.3079
23.7766
23.2484
22.7232
22.2009
21.6816
21.1651
20.6515
20.1406
19.6323
19.1268
18.6238
18.1234
17.6256
17.1302
16.6372
16.1466
15.6584
15.1724
14.6888
14.2074
13.7282
13.2512
12.7763
12.3035
11.8328
11.3641
10.8974
10.4327
9.96994
9.50906
9.05007
8.59292
8.13759
7.68404
7.23226
6.78221
6.33387
5.8872
5.44218
4.99879
4.55698
4.11671
3.67794
3.24058
2.80455
2.36955
1.93569
1.50105
1.06968
0.624418
0.232374
58.0622
57.5214
56.5267
55.395
54.285
53.1657
52.0144
50.8737
49.7894
48.7754
47.8255
46.9328
46.0933
45.3026
44.5538
43.8383
43.1482
42.4768
41.8197
41.1737
40.5367
39.907
39.2836
38.6654
38.0514
37.441
36.8338
36.2294
35.6278
35.0291
34.4334
33.8409
33.2518
32.6663
32.0844
31.5061
30.9315
30.3605
29.793
29.2289
28.6683
28.111
27.5571
27.0064
26.459
25.9148
25.3738
24.8361
24.3015
23.77
23.2416
22.7163
22.1939
21.6744
21.1578
20.644
20.133
19.6247
19.119
18.616
18.1155
17.6176
17.1221
16.629
16.1384
15.6502
15.1642
14.6806
14.1992
13.7201
13.2431
12.7682
12.2955
11.8248
11.3562
10.8896
10.4249
9.96218
9.50137
9.04243
8.58535
8.13008
7.67661
7.2249
6.77493
6.32667
5.8801
5.43518
4.9919
4.55023
4.11013
3.67156
3.2345
2.79888
2.36461
1.93167
1.49959
1.06933
0.637068
0.215579
59.2272
58.2327
56.88
55.6044
54.4389
53.2726
52.0845
50.9292
49.8462
48.8373
47.8915
47.0023
46.1662
45.3783
44.6302
43.9129
43.2186
42.5411
41.8768
41.223
40.5782
39.9411
39.3107
38.686
38.0661
37.4503
36.8382
36.2296
35.6243
35.0225
34.4243
33.8298
33.2392
32.6525
32.0697
31.4907
30.9156
30.3442
29.7764
29.2121
28.6513
28.0939
27.5399
26.9893
26.442
25.898
25.3573
24.8199
24.2857
23.7546
23.2266
22.7017
22.1798
21.6607
21.1445
20.6312
20.1205
19.6126
19.1072
18.6045
18.1044
17.6067
17.1116
16.6189
16.1285
15.6406
15.155
14.6716
14.1905
13.7116
13.2349
12.7604
12.2879
11.8175
11.3491
10.8827
10.4182
9.9557
9.49509
9.03635
8.57945
8.12436
7.67106
7.21952
6.76972
6.32163
5.87521
5.43047
4.98736
4.54587
4.10598
3.66767
3.23092
2.79574
2.36216
1.93014
1.50017
1.07082
0.647923
0.204037
65.4541
61.365
58.263
56.4331
54.8205
53.1348
51.5366
50.1308
48.9069
47.8288
46.8725
46.0191
45.2482
44.5393
43.8751
43.2419
42.629
42.0287
41.4352
40.8449
40.2556
39.666
39.0755
38.4841
37.892
37.2996
36.7074
36.1159
35.5256
34.9369
34.35
33.7655
33.1834
32.604
32.0275
31.4539
30.8834
30.316
29.7517
29.1907
28.6328
28.0781
27.5266
26.9782
26.433
25.8909
25.3519
24.816
24.283
23.7531
23.2261
22.7019
22.1807
21.6623
21.1466
20.6337
20.1235
19.6159
19.1109
18.6085
18.1087
17.6113
17.1164
16.6239
16.1337
15.6459
15.1604
14.6772
14.1962
13.7173
13.2407
12.7661
12.2936
11.8232
11.3548
10.8884
10.4239
9.96138
9.50074
9.04195
8.58501
8.12987
7.67651
7.22491
6.77502
6.32684
5.88032
5.43545
4.99219
4.55053
4.11043
3.67186
3.2348
2.79922
2.36509
1.93237
1.50115
1.07091
0.643391
0.211865
62.204
59.9789
57.8445
56.2902
54.8101
53.2246
51.6743
50.2776
49.0475
47.9586
46.9887
46.1207
45.3358
44.6145
43.9395
43.2968
42.6757
42.0683
41.4689
40.8735
40.2799
39.6868
39.0935
38.4997
37.9058
37.3118
36.7183
36.1257
35.5344
34.9448
34.3572
33.772
33.1894
32.6096
32.0327
31.4588
30.888
30.3203
29.7559
29.1946
28.6366
28.0817
27.53
26.9815
26.4362
25.894
25.3548
24.8188
24.2857
23.7557
23.2286
22.7044
22.1831
21.6646
21.1489
20.6359
20.1256
19.618
19.113
18.6106
18.1107
17.6132
17.1183
16.6257
16.1356
15.6477
15.1622
14.6789
14.1978
13.719
13.2423
12.7677
12.2952
11.8247
11.3563
10.8898
10.4254
9.96279
9.50213
9.04332
8.58636
8.1312
7.67782
7.22619
6.77628
6.32808
5.88154
5.43665
4.99337
4.55169
4.11157
3.67298
3.2359
2.80028
2.36612
1.93334
1.50206
1.07179
0.644921
0.211426
60.6192
59.6484
58.0042
56.3679
54.8512
53.3559
51.8996
50.5538
49.3446
48.2576
47.273
46.3768
45.5566
44.799
44.0902
43.4177
42.7713
42.1429
41.5266
40.9179
40.314
39.7131
39.114
38.5162
37.9195
37.3236
36.7289
36.1354
35.5435
34.9534
34.3654
33.7798
33.1968
32.6166
32.0393
31.4651
30.894
30.3261
29.7614
29.1999
28.6416
28.0866
27.5347
26.986
26.4405
25.898
25.3587
24.8224
24.2892
23.759
23.2317
22.7074
22.1859
21.6673
21.1515
20.6384
20.128
19.6203
19.1152
18.6127
18.1128
17.6153
17.1203
16.6276
16.1374
15.6495
15.1639
14.6806
14.1995
13.7205
13.2438
12.7692
12.2966
11.8261
11.3577
10.8912
10.4267
9.96406
9.50336
9.04453
8.58753
8.13235
7.67894
7.22729
6.77736
6.32914
5.88258
5.43766
4.99437
4.55266
4.1125
3.67388
3.23673
2.80104
2.36672
1.93377
1.50204
1.07173
0.643263
0.212488
59.6114
59.0186
57.6701
56.1247
54.6992
53.3387
51.989
50.6968
49.5103
48.4329
47.4475
46.5406
45.7038
44.9284
44.2033
43.5168
42.8584
42.2195
41.5938
40.9769
40.3659
39.7589
39.1548
38.553
37.9531
37.3548
36.7581
36.163
35.5697
34.9782
34.3888
33.8019
33.2175
32.636
32.0574
31.4821
30.9099
30.3411
29.7756
29.2134
28.6545
28.0989
27.5465
26.9973
26.4512
25.9083
25.3685
24.8318
24.2981
23.7675
23.2398
22.7151
22.1933
21.6743
21.1582
20.6449
20.1343
19.6263
19.121
18.6183
18.1182
17.6205
17.1253
16.6325
16.1421
15.6541
15.1683
14.6849
14.2036
13.7246
13.2477
12.773
12.3003
11.8297
11.3611
10.8945
10.4299
9.96724
9.50645
9.04754
8.59047
8.13521
7.68174
7.23002
6.78003
6.33173
5.88511
5.44014
4.99678
4.555
4.11477
3.67605
3.23878
2.8029
2.36825
1.93488
1.50192
1.07122
0.635796
0.22092
58.8014
58.3363
57.2684
55.9338
54.6266
53.3565
52.0785
50.8303
49.6674
48.6027
47.6209
46.7077
45.8576
45.0659
44.3247
43.6233
42.9513
42.2997
41.6621
41.0342
40.4132
39.7977
39.1865
38.5791
37.975
37.3736
36.7747
36.1781
35.5835
34.9911
34.4009
33.813
33.2278
32.6455
32.0663
31.4903
30.9176
30.3484
29.7826
29.2201
28.661
28.1053
27.5527
27.0034
26.4573
25.9142
25.3743
24.8374
24.3035
23.7727
23.2448
22.7199
22.1979
21.6788
21.1626
20.6491
20.1384
19.6304
19.125
18.6222
18.122
17.6242
17.1289
16.6361
16.1456
15.6575
15.1716
14.6881
14.2068
13.7276
13.2507
12.7759
12.3031
11.8325
11.3638
10.8972
10.4325
9.96974
9.50891
9.04994
8.59282
8.13751
7.68399
7.23222
6.78219
6.33385
5.88719
5.44216
4.99875
4.55692
4.11662
3.67781
3.2404
2.8043
2.36923
1.93529
1.50058
1.06924
0.624182
0.232917
58.1743
57.7964
56.9223
55.7521
54.5333
53.3265
52.1119
50.9161
49.7874
48.7422
47.7688
46.8547
45.9964
45.1928
44.4391
43.726
43.0432
42.3818
41.735
41.0986
40.47
39.8477
39.231
38.619
38.0112
37.4071
36.8059
36.2074
35.6113
35.0173
34.4256
33.8363
33.2497
32.666
32.0854
31.5082
30.9344
30.3642
29.7974
29.2342
28.6744
28.118
27.5648
27.0149
26.4682
25.9246
25.3841
24.8467
24.3124
23.7811
23.2529
22.7276
22.2053
21.6859
21.1694
20.6557
20.1447
19.6365
19.1309
18.6279
18.1275
17.6296
17.1342
16.6412
16.1506
15.6623
15.1763
14.6927
14.2112
13.732
13.2549
12.78
12.3072
11.8364
11.3677
10.9009
10.4362
9.97337
9.51246
9.05343
8.59624
8.14087
7.68729
7.23547
6.78538
6.337
5.89028
5.44521
5.00174
4.55986
4.11949
3.68059
3.24305
2.80675
2.37129
1.93682
1.50063
1.06872
0.617106
0.242215
57.7283
57.4023
56.6213
55.5435
54.3944
53.2478
52.0917
50.9439
49.8468
48.8205
47.8582
46.9493
46.0909
45.2831
44.5227
43.8017
43.1107
42.441
41.7862
41.1423
40.507
39.8788
39.257
38.6408
38.0296
37.4225
36.8189
36.2183
35.6203
35.0248
34.4318
33.8415
33.254
32.6696
32.0885
31.5109
30.9368
30.3663
29.7995
29.2361
28.6761
28.1196
27.5663
27.0162
26.4693
25.9255
25.3849
24.8474
24.3129
23.7815
23.2532
22.7278
22.2055
21.686
21.1695
20.6557
20.1448
19.6365
19.1309
18.6279
18.1275
17.6295
17.1341
16.641
16.1504
15.6621
15.1761
14.6924
14.2109
13.7316
13.2545
12.7796
12.3067
11.836
11.3672
10.9005
10.4357
9.97289
9.51197
9.05293
8.59574
8.14037
7.68678
7.23496
6.78487
6.33648
5.88976
5.4447
5.00124
4.55936
4.119
3.68009
3.24253
2.80618
2.37059
1.93591
1.4992
1.06708
0.613673
0.244297
57.459
57.1772
56.4615
55.4596
54.3763
53.2781
52.1588
51.039
49.96
48.9434
47.9864
47.0803
46.2217
45.41
44.6424
43.9121
43.2106
42.5303
41.8656
41.2128
40.5698
39.9351
39.3076
38.6865
38.0706
37.4593
36.8516
36.2472
35.6456
35.0469
34.451
33.8582
33.2686
32.6826
32.1001
31.5214
30.9464
30.3751
29.8074
29.2433
28.6826
28.1254
27.5714
27.0207
26.4732
25.929
25.3879
24.85
24.3152
23.7835
23.255
22.7295
22.2069
21.6874
21.1707
20.6569
20.1458
19.6375
19.1318
18.6287
18.1282
17.6302
17.1347
16.6416
16.1509
15.6626
15.1765
14.6928
14.2113
13.732
13.2549
12.78
12.3071
11.8363
11.3676
10.9008
10.4361
9.97322
9.5123
9.05325
8.59605
8.14067
7.68708
7.23525
6.78515
6.33676
5.89005
5.44499
5.00155
4.55969
4.11937
3.68052
3.24303
2.80681
2.37144
1.93704
1.50096
1.06901
0.617474
0.241176
57.4298
56.9759
56.1752
55.2111
54.195
53.1443
52.0612
50.9775
49.9307
48.9372
47.9947
47.0986
46.2477
45.4416
44.6763
43.9451
43.2406
42.5563
41.8876
41.2315
40.5859
39.9494
39.3207
38.6985
38.0816
37.4689
36.8598
36.2538
35.6506
35.0503
34.4531
33.8592
33.2689
32.6822
32.0993
31.5202
30.9449
30.3732
29.8052
29.2406
28.6794
28.1215
27.567
27.0158
26.4678
25.9231
25.3816
24.8434
24.3083
23.7765
23.2478
22.7222
22.1996
21.6799
21.1631
20.6492
20.138
19.6296
19.1238
18.6206
18.12
17.622
17.1264
16.6332
16.1425
15.6541
15.1681
14.6844
14.2029
13.7237
13.2466
12.7717
12.2989
11.8282
11.3595
10.8928
10.4281
9.96533
9.50446
9.04547
8.58833
8.13301
7.67949
7.22773
6.77771
6.3294
5.88278
5.43783
4.9945
4.55278
4.11263
3.67402
3.23687
2.80114
2.36662
1.93337
1.50021
1.06958
0.631315
0.223578
58.5916
57.686
56.5268
55.4172
54.3467
53.2517
52.1337
51.0361
49.99
48.9998
48.0591
47.1643
46.3155
45.5113
44.7465
44.0134
43.3042
42.6132
41.9365
41.272
40.6184
39.9744
39.3388
38.7103
38.0877
37.4699
36.8562
36.246
35.6392
35.036
34.4365
33.8409
33.2493
32.6618
32.0784
31.499
30.9236
30.3519
29.7838
29.2192
28.6581
28.1003
27.546
26.9949
26.4472
25.9029
25.3619
24.8242
24.2897
23.7585
23.2304
22.7053
22.1833
21.6642
21.148
20.6346
20.1239
19.6159
19.1105
18.6077
18.1075
17.6098
17.1145
16.6217
16.1314
15.6433
15.1577
14.6743
14.1931
13.7142
13.2375
12.7628
12.2903
11.8199
11.3514
10.885
10.4205
9.95797
9.49732
9.03853
8.58159
8.12646
7.67312
7.22154
6.7717
6.32357
5.87712
5.43234
4.98921
4.54769
4.10778
3.66944
3.23268
2.79748
2.36386
1.93179
1.50155
1.07213
0.647393
0.20659
65.0231
60.9938
57.9844
56.2397
54.6905
53.0545
51.4977
50.1238
48.9236
47.8642
46.9233
46.0821
45.3199
44.6161
43.9537
43.3197
42.7039
42.0991
41.5003
40.9042
40.3089
39.7136
39.1176
38.5212
37.9245
37.328
36.7322
36.1376
35.5445
34.9533
34.3645
33.7781
33.1945
32.6138
32.0361
31.4616
30.8902
30.3221
29.7573
29.1956
28.6373
28.0822
27.5303
26.9817
26.4362
25.8938
25.3546
24.8185
24.2854
23.7552
23.2281
22.7038
22.1825
21.6639
21.1482
20.6352
20.1249
19.6172
19.1122
18.6097
18.1098
17.6124
17.1174
16.6248
16.1347
15.6468
15.1613
14.678
14.1969
13.7181
13.2413
12.7667
12.2942
11.8238
11.3553
10.8889
10.4244
9.96184
9.50117
9.04237
8.5854
8.13024
7.67686
7.22524
6.77534
6.32714
5.88062
5.43574
4.99248
4.55081
4.11071
3.67215
3.23509
2.79951
2.36538
1.93265
1.50135
1.07108
0.643159
0.211937
61.773
59.5999
57.5542
56.0856
54.6701
53.1368
51.6316
50.2697
49.0644
47.994
47.0392
46.183
45.4063
44.6895
44.0157
43.3716
42.7472
42.1352
41.5303
40.9292
40.3299
39.7313
39.1327
38.5342
37.9359
37.338
36.7411
36.1455
35.5515
34.9597
34.3702
33.7833
33.1993
32.6182
32.0402
31.4654
30.8939
30.3256
29.7606
29.1988
28.6403
28.0851
27.5331
26.9843
26.4387
25.8962
25.3569
24.8206
24.2874
23.7573
23.23
22.7057
22.1843
21.6657
21.1499
20.6369
20.1266
19.6189
19.1138
18.6113
18.1113
17.6139
17.1189
16.6263
16.1361
15.6482
15.1626
14.6793
14.1982
13.7193
13.2426
12.7679
12.2954
11.8249
11.3565
10.89
10.4255
9.96292
9.50223
9.04341
8.58643
8.13125
7.67786
7.22622
6.77631
6.32809
5.88155
5.43666
4.99338
4.5517
4.11158
3.673
3.23592
2.80032
2.36614
1.93336
1.50197
1.07168
0.644181
0.211662
60.1815
59.2597
57.7053
56.1574
54.7068
53.2668
51.8611
50.5554
49.3733
48.3046
47.3334
46.4467
45.6322
44.8767
44.167
43.4915
42.8405
42.2067
41.5844
40.9697
40.36
39.7537
39.1497
38.5475
37.9467
37.3474
36.7496
36.1534
35.5591
34.967
34.3772
33.7901
33.2058
32.6245
32.0463
31.4713
30.8996
30.3311
29.7659
29.204
28.6454
28.09
27.5378
26.9889
26.4431
25.9004
25.3609
24.8245
24.2911
23.7607
23.2333
22.7089
22.1873
21.6686
21.1527
20.6395
20.1291
19.6213
19.1161
18.6136
18.1135
17.616
17.1209
16.6282
16.1379
15.65
15.1644
14.681
14.1998
13.7209
13.2441
12.7694
12.2968
11.8263
11.3578
10.8913
10.4268
9.96414
9.50342
9.04456
8.58755
8.13235
7.67892
7.22726
6.77732
6.32908
5.88251
5.43759
4.99429
4.55258
4.11243
3.67381
3.23667
2.80097
2.36663
1.93363
1.50169
1.07133
0.641584
0.213671
59.1701
58.6284
57.3722
55.9164
54.5572
53.2534
51.9576
50.7087
49.5507
48.4912
47.5179
46.6188
45.7857
45.0103
44.2824
43.5913
42.927
42.2816
41.6491
41.0255
40.4083
39.7956
39.1866
38.5804
37.9767
37.3752
36.7757
36.1782
35.5827
34.9895
34.3986
33.8103
33.2248
32.6423
32.063
31.487
30.9144
30.3451
29.7792
29.2167
28.6576
28.1017
27.5491
26.9997
26.4534
25.9103
25.3704
24.8335
24.2997
23.7689
23.2411
22.7163
22.1944
21.6754
21.1592
20.6458
20.1351
19.6271
19.1218
18.619
18.1188
17.6211
17.1259
16.6331
16.1426
15.6545
15.1687
14.6852
14.204
13.7249
13.248
12.7732
12.3005
11.8299
11.3613
10.8947
10.43
9.96731
9.50651
9.04757
8.59049
8.13521
7.68172
7.22998
6.77998
6.33168
5.88505
5.44007
4.99671
4.55493
4.1147
3.67597
3.23869
2.80279
2.36808
1.9346
1.50127
1.07045
0.632958
0.223323
58.3577
57.9443
56.9686
55.7244
54.4848
53.2732
52.0518
50.8496
49.7169
48.6706
47.7004
46.7939
45.9456
45.1518
44.4058
43.6983
43.0192
42.3603
41.7153
41.0803
40.4528
39.8315
39.2153
38.6036
37.9958
37.3914
36.7899
36.191
35.5945
35.0004
34.4088
33.8198
33.2336
32.6504
32.0705
31.494
30.921
30.3514
29.7853
29.2227
28.6634
28.1074
27.5548
27.0053
26.4589
25.9157
25.3756
24.8386
24.3046
23.7736
23.2457
22.7207
22.1986
21.6795
21.1632
20.6496
20.1389
19.6308
19.1254
18.6225
18.1222
17.6245
17.1291
16.6362
16.1457
15.6576
15.1717
14.6881
14.2067
13.7276
13.2506
12.7757
12.303
11.8323
11.3636
10.897
10.4323
9.96951
9.50866
9.04968
8.59255
8.13723
7.6837
7.23192
6.78188
6.33354
5.88687
5.44185
4.99844
4.55662
4.11632
3.67751
3.24008
2.80394
2.36877
1.93467
1.49946
1.06794
0.620689
0.235565
57.7283
57.4023
56.6213
55.5434
54.3944
53.2478
52.0917
50.9439
49.8468
48.8205
47.8582
46.9494
46.0909
45.2831
44.5226
43.8016
43.1107
42.441
41.7863
41.1424
40.5071
39.8789
39.257
38.6408
38.0295
37.4224
36.8188
36.2183
35.6203
35.0248
34.4318
33.8415
33.254
32.6696
32.0885
31.5109
30.9368
30.3663
29.7994
29.2361
28.6761
28.1195
27.5663
27.0162
26.4693
25.9255
25.3849
24.8474
24.3129
23.7815
23.2532
22.7278
22.2055
21.686
21.1695
20.6557
20.1448
19.6365
19.1309
18.6279
18.1275
17.6295
17.1341
16.641
16.1504
15.6621
15.1761
14.6924
14.2109
13.7316
13.2545
12.7796
12.3067
11.836
11.3672
10.9005
10.4357
9.97289
9.51197
9.05293
8.59574
8.14037
7.68678
7.23496
6.78487
6.33648
5.88976
5.4447
5.00124
4.55936
4.119
3.68009
3.24253
2.80618
2.37059
1.93591
1.4992
1.06708
0.613673
0.244298
57.2801
57.0068
56.3203
55.3364
54.2585
53.1731
52.0766
50.978
49.9134
48.9058
47.9538
47.0489
46.189
45.3755
44.6071
43.8772
43.1772
42.4986
41.8353
41.1836
40.5412
39.907
39.2801
38.6598
38.0453
37.4355
36.8297
36.2273
35.6277
35.0309
34.4367
33.8454
33.2571
32.6721
32.0906
31.5127
30.9385
30.3679
29.8009
29.2375
28.6775
28.1208
27.5674
27.0171
26.4701
25.9262
25.3854
24.8477
24.3131
23.7816
23.2532
22.7278
22.2053
21.6859
21.1693
20.6555
20.1445
19.6363
19.1306
18.6276
18.1271
17.6292
17.1337
16.6406
16.1499
15.6616
15.1756
14.6918
14.2103
13.731
13.2539
12.779
12.3061
11.8353
11.3666
10.8998
10.435
9.97219
9.51127
9.05222
8.59503
8.13965
7.68607
7.23424
6.78415
6.33576
5.88906
5.44399
5.00055
4.55867
4.11832
3.67941
3.24183
2.80542
2.3697
1.93481
1.49756
1.06525
0.6103
0.245894
57.0089
56.7798
56.159
55.2523
54.2418
53.2068
52.1492
51.0805
50.0348
49.0367
48.0888
47.1853
46.3239
45.5055
44.729
43.9888
43.2772
42.587
41.9128
41.2514
40.6008
39.9597
39.3271
38.7019
38.083
37.4693
36.8597
36.2536
35.6507
35.0507
34.4538
33.8602
33.2699
32.6834
32.1006
31.5217
30.9466
30.3753
29.8077
29.2436
28.6829
28.1256
27.5716
27.0208
26.4732
25.9288
25.3876
24.8496
24.3147
23.783
23.2544
22.7289
22.2064
21.6868
21.1701
20.6563
20.1452
19.6369
19.1312
18.6281
18.1276
17.6296
17.1341
16.641
16.1503
15.6619
15.1759
14.6921
14.2106
13.7314
13.2543
12.7793
12.3064
11.8357
11.3669
10.9002
10.4354
9.97257
9.51164
9.0526
8.5954
8.14002
7.68643
7.2346
6.78451
6.33613
5.88943
5.44438
5.00095
4.5591
4.11879
3.67994
3.24244
2.80617
2.37068
1.93608
1.49948
1.06735
0.614194
0.242889
56.9795
56.5786
55.8725
55.0032
54.06
53.0727
52.0517
51.0199
50.0074
49.0326
48.0988
47.2045
46.3502
45.5369
44.7623
44.021
43.3061
42.6116
41.9332
41.2682
40.615
39.9722
39.3386
38.7127
38.093
37.4782
36.8673
36.2598
35.6552
35.0538
34.4555
33.8608
33.2698
32.6827
32.0995
31.5203
30.9449
30.3733
29.8053
29.2407
28.6795
28.1216
27.567
27.0156
26.4675
25.9226
25.3811
24.8428
24.3077
23.7758
23.2471
22.7214
22.1988
21.6792
21.1624
20.6485
20.1374
19.6289
19.1231
18.6199
18.1193
17.6212
17.1256
16.6325
16.1418
15.6534
15.1674
14.6837
14.2022
13.723
13.246
12.7711
12.2983
11.8276
11.3589
10.8922
10.4275
9.96474
9.50388
9.0449
8.58776
8.13245
7.67893
7.22718
6.77717
6.32888
5.88227
5.43733
4.99402
4.55232
4.11219
3.67359
3.23644
2.8007
2.36612
1.93274
1.49915
1.06838
0.628138
0.225525
58.1392
57.2884
56.2258
55.2123
54.216
53.1852
52.129
51.0831
50.0717
49.1006
48.1679
47.2733
46.4192
45.6061
44.8305
44.0859
43.3654
42.6634
41.9766
41.3031
40.6419
39.9918
39.3517
38.7199
38.0948
37.4751
36.8598
36.2483
35.6404
35.0362
34.4358
33.8396
33.2476
32.66
32.0766
31.4973
30.922
30.3505
29.7825
29.2181
28.6569
28.0992
27.5447
26.9936
26.4458
25.9013
25.3602
24.8225
24.288
23.7568
23.2288
22.7038
22.1819
21.6629
21.1467
20.6334
20.1227
19.6148
19.1094
18.6067
18.1065
17.6088
17.1136
16.6208
16.1305
15.6425
15.1569
14.6735
14.1924
13.7136
13.2369
12.7623
12.2898
11.8194
11.351
10.8846
10.4201
9.95761
9.49698
9.03821
8.58128
8.12617
7.67284
7.22128
6.77145
6.32333
5.87691
5.43214
4.98903
4.54753
4.10764
3.66934
3.2326
2.79742
2.3638
1.93171
1.50133
1.07182
0.64627
0.207255
64.7667
60.7845
57.8339
56.1516
54.6537
53.0523
51.5196
50.1653
48.9817
47.9365
47.0078
46.1769
45.4223
44.7233
44.0627
43.4277
42.8087
42.199
41.594
40.9912
40.3889
39.7865
39.1838
38.5809
37.9784
37.3765
36.7758
36.1767
35.5796
34.985
34.3929
33.8037
33.2176
32.6347
32.055
31.4786
30.9057
30.3361
29.7699
29.2072
28.6478
28.0917
27.539
26.9895
26.4434
25.9004
25.3606
24.8239
24.2903
23.7598
23.2322
22.7076
22.1859
21.6671
21.1511
20.6378
20.1273
19.6194
19.1142
18.6116
18.1115
17.6139
17.1188
16.6261
16.1358
15.6479
15.1622
14.6788
14.1977
13.7188
13.242
12.7673
12.2948
11.8243
11.3558
10.8893
10.4248
9.96217
9.50147
9.04264
8.58565
8.13048
7.67708
7.22544
6.77553
6.32733
5.8808
5.43592
4.99267
4.55101
4.11093
3.67239
3.23537
2.79984
2.36578
1.93311
1.50198
1.0717
0.644255
0.212049
61.5178
59.3907
57.4062
56.0038
54.6423
53.1448
51.6642
50.3215
49.1318
48.0742
47.1304
46.2835
45.5135
44.8005
44.1275
43.4817
42.8534
42.236
41.6248
41.0169
40.4106
39.805
39.1998
38.595
37.9908
37.3875
36.7857
36.1856
35.5877
34.9923
34.3996
33.8099
33.2233
32.6399
32.0599
31.4833
30.9101
30.3403
29.7739
29.211
28.6514
28.0951
27.5423
26.9927
26.4463
25.9032
25.3633
24.8265
24.2928
23.7621
23.2345
22.7098
22.1881
21.6692
21.1531
20.6398
20.1292
19.6213
19.116
18.6133
18.1132
17.6156
17.1204
16.6277
16.1374
15.6494
15.1637
14.6803
14.1991
13.7202
13.2434
12.7687
12.2961
11.8256
11.3571
10.8906
10.426
9.96339
9.50267
9.04382
8.58681
8.13162
7.6782
7.22655
6.77662
6.3284
5.88185
5.43696
4.99369
4.55202
4.11192
3.67336
3.23632
2.80076
2.36666
1.93394
1.50276
1.07245
0.645816
0.211226
59.9211
59.0433
57.5522
56.0748
54.6823
53.2822
51.9054
50.6215
49.4552
48.3976
47.4349
46.5552
45.7452
44.9912
44.2802
43.601
42.9447
42.3045
41.6752
41.0533
40.4367
39.8237
39.2133
38.6052
37.9989
37.3945
36.792
36.1915
35.5934
34.9978
34.405
33.8151
33.2284
32.6449
32.0648
31.488
30.9147
30.3449
29.7784
29.2154
28.6557
28.0994
27.5464
26.9967
26.4502
25.907
25.3669
24.8299
24.2961
23.7653
23.2376
22.7128
22.1909
21.6719
21.1557
20.6423
20.1317
19.6237
19.1183
18.6156
18.1154
17.6177
17.1225
16.6297
16.1393
15.6513
15.1655
14.6821
14.2008
13.7218
13.2449
12.7702
12.2976
11.827
11.3585
10.8919
10.4273
9.96466
9.50391
9.04502
8.58798
8.13275
7.67931
7.22762
6.77766
6.32941
5.88284
5.43792
4.99462
4.55292
4.11278
3.67419
3.23709
2.80144
2.36719
1.9343
1.50267
1.07233
0.644194
0.211854
58.906
58.4093
57.2181
55.8353
54.5369
53.276
52.0119
50.7867
49.6445
48.5948
47.6282
46.7343
45.904
45.1283
44.3972
43.7005
43.0293
42.3761
41.7357
41.1045
40.48
39.8608
39.2457
38.6339
38.0251
37.4188
36.8149
36.2134
35.6142
35.0176
34.4237
33.8328
33.245
32.6605
32.0795
31.5019
30.9278
30.3573
29.7903
29.2268
28.6667
28.11
27.5566
27.0064
26.4595
25.9159
25.3754
24.8381
24.3039
23.7727
23.2446
22.7195
22.1974
21.6781
21.1617
20.6481
20.1373
19.6291
19.1236
18.6207
18.1203
17.6225
17.1272
16.6342
16.1437
15.6555
15.1697
14.6861
14.2048
13.7256
13.2487
12.7739
12.3011
11.8305
11.3618
10.8952
10.4305
9.9678
9.50697
9.04801
8.5909
8.13561
7.6821
7.23035
6.78033
6.33202
5.88539
5.44041
4.99705
4.55528
4.11508
3.67638
3.23916
2.80333
2.36875
1.93545
1.50257
1.07186
0.636402
0.220416
58.0909
57.722
56.8114
55.6415
54.4653
53.2996
52.1127
50.9364
49.8205
48.7837
47.8194
46.9168
46.0698
45.2739
44.5228
43.8077
43.1198
42.4517
41.7978
41.1546
40.5198
39.892
39.27
38.6531
38.0405
37.4317
36.826
36.2232
35.6231
35.0257
34.4311
33.8396
33.2512
32.6662
32.0848
31.5069
30.9327
30.3621
29.795
29.2315
28.6714
28.1147
27.5612
27.011
26.4641
25.9203
25.3797
24.8423
24.3079
23.7766
23.2484
22.7232
22.2009
21.6816
21.1651
20.6515
20.1406
19.6324
19.1268
18.6239
18.1235
17.6256
17.1302
16.6372
16.1466
15.6583
15.1724
14.6888
14.2074
13.7282
13.2512
12.7763
12.3035
11.8328
11.3641
10.8974
10.4327
9.96994
9.50907
9.05007
8.59292
8.13759
7.68405
7.23226
6.78221
6.33387
5.8872
5.44218
4.99878
4.55697
4.11671
3.67794
3.24058
2.80455
2.36955
1.93569
1.50105
1.06968
0.624418
0.232373
57.459
57.1772
56.4615
55.4595
54.3763
53.2781
52.1588
51.039
49.96
48.9434
47.9865
47.0803
46.2217
45.41
44.6423
43.912
43.2106
42.5304
41.8657
41.2129
40.5698
39.9351
39.3076
38.6864
38.0706
37.4592
36.8516
36.2472
35.6456
35.0469
34.451
33.8582
33.2686
32.6826
32.1001
31.5213
30.9463
30.375
29.8074
29.2433
28.6826
28.1254
27.5714
27.0207
26.4732
25.929
25.3879
24.8499
24.3152
23.7835
23.255
22.7294
22.2069
21.6874
21.1707
20.6569
20.1458
19.6375
19.1318
18.6287
18.1282
17.6302
17.1347
16.6416
16.1509
15.6626
15.1765
14.6928
14.2113
13.732
13.2549
12.78
12.3071
11.8363
11.3676
10.9008
10.4361
9.97323
9.5123
9.05325
8.59605
8.14067
7.68708
7.23525
6.78515
6.33676
5.89005
5.44499
5.00155
4.55969
4.11937
3.68052
3.24303
2.80681
2.37144
1.93704
1.50096
1.06901
0.617474
0.241175
57.0089
56.7798
56.159
55.2523
54.2418
53.2068
52.1492
51.0805
50.0348
49.0367
48.0889
47.1854
46.3239
45.5055
44.729
43.9888
43.2773
42.5871
41.9129
41.2514
40.6008
39.9597
39.3271
38.7019
38.083
37.4692
36.8597
36.2537
35.6507
35.0508
34.4539
33.8602
33.2699
32.6834
32.1006
31.5217
30.9466
30.3753
29.8077
29.2436
28.683
28.1256
27.5716
27.0208
26.4732
25.9288
25.3876
24.8496
24.3147
23.783
23.2544
22.7289
22.2063
21.6868
21.1701
20.6563
20.1453
19.6369
19.1312
18.6282
18.1276
17.6296
17.1341
16.641
16.1503
15.6619
15.1759
14.6921
14.2106
13.7314
13.2543
12.7793
12.3064
11.8357
11.3669
10.9002
10.4354
9.97257
9.51165
9.0526
8.5954
8.14002
7.68643
7.2346
6.78451
6.33613
5.88943
5.44438
5.00095
4.5591
4.11879
3.67994
3.24244
2.80617
2.37068
1.93608
1.49948
1.06735
0.614193
0.242888
56.7363
56.5508
55.9958
55.1667
54.2249
53.2419
52.2256
51.1889
50.1637
49.1754
48.231
47.3274
46.4631
45.6386
44.8531
44.1018
43.378
42.6753
41.9892
41.3171
40.6573
40.0086
39.3698
38.7395
38.1162
37.4986
36.8855
36.2762
35.6702
35.0675
34.4682
33.8724
33.2804
32.6924
32.1085
31.5287
30.9529
30.3809
29.8126
29.248
28.6867
28.1289
27.5744
27.0231
26.4751
25.9304
25.3889
24.8506
24.3156
23.7838
23.2551
22.7295
22.2069
21.6874
21.1707
20.6568
20.1457
19.6373
19.1316
18.6285
18.1279
17.6299
17.1343
16.6412
16.1505
15.6621
15.1761
14.6924
14.2109
13.7317
13.2546
12.7797
12.3068
11.8361
11.3673
10.9006
10.4358
9.97301
9.51208
9.05304
8.59584
8.14046
7.68687
7.23505
6.78496
6.33658
5.88988
5.44485
5.00144
4.55962
4.11934
3.68054
3.24312
2.80698
2.3717
1.93738
1.50141
1.06948
0.618119
0.239823
56.707
56.3501
55.7098
54.9184
54.0443
53.1093
52.1296
51.1305
50.1397
49.1759
48.2458
47.3509
46.4927
45.6721
44.8877
44.1348
43.4074
42.7003
42.0099
41.3341
40.6716
40.021
39.3808
38.7495
38.1252
37.5064
36.8919
36.2811
35.6736
35.0695
34.4689
33.8722
33.2796
32.6911
32.1068
31.5267
30.9505
30.3781
29.8094
29.2442
28.6824
28.124
27.5689
27.0171
26.4686
25.9235
25.3817
24.8433
24.3081
23.7762
23.2474
22.7218
22.1992
21.6796
21.1628
20.6489
20.1377
19.6293
19.1235
18.6203
18.1197
17.6216
17.126
16.6329
16.1422
15.6539
15.1679
14.6842
14.2028
13.7236
13.2466
12.7718
12.299
11.8283
11.3597
10.893
10.4283
9.96558
9.50473
9.04575
8.58862
8.13331
7.6798
7.22805
6.77804
6.32976
5.88316
5.43823
4.99493
4.55325
4.11315
3.67458
3.2375
2.80184
2.36739
1.9342
1.50108
1.07047
0.632044
0.222776
57.8658
57.0591
56.0623
55.1273
54.2014
53.2239
52.2091
51.1957
50.2067
49.2481
48.32
47.4243
46.5646
45.7422
44.9548
44.1971
43.463
42.7478
42.0488
41.3646
40.6941
40.0364
39.3898
38.7525
38.1228
37.499
36.8801
36.2654
35.6547
35.0482
34.4458
33.848
33.2548
32.6662
32.0821
31.5022
30.9264
30.3543
29.7859
29.2209
28.6594
28.1012
27.5463
26.9949
26.4468
25.9022
25.361
24.8231
24.2887
23.7574
23.2294
22.7045
22.1826
21.6636
21.1474
20.6341
20.1234
19.6155
19.1101
18.6074
18.1072
17.6096
17.1144
16.6217
16.1314
15.6434
15.1578
14.6745
14.1935
13.7146
13.238
12.7634
12.291
11.8206
11.3522
10.8858
10.4213
9.95878
9.49815
9.03938
8.58244
8.12733
7.67399
7.22243
6.7726
6.32448
5.87806
5.4333
4.9902
4.54872
4.10884
3.67056
3.23385
2.7987
2.36513
1.93309
1.50286
1.07332
0.648536
0.206531
64.7466
60.6094
57.5916
55.9493
54.511
52.9496
51.4438
50.1127
48.9496
47.9212
47.0061
46.1861
45.44
44.747
44.0901
43.4566
42.8374
42.2263
41.6191
41.0135
40.4083
39.8029
39.1974
38.592
37.9871
37.3831
36.7807
36.1801
35.5818
34.9861
34.3932
33.8033
33.2165
32.633
32.0529
31.4762
30.9028
30.333
29.7665
29.2035
28.6439
28.0877
27.5348
26.9852
26.4389
25.8958
25.3558
24.8191
24.2854
23.7548
23.2271
22.7025
22.1807
21.6618
21.1458
20.6325
20.1219
19.614
19.1088
18.6061
18.106
17.6084
17.1133
16.6206
16.1303
15.6424
15.1568
14.6734
14.1923
13.7134
13.2366
12.762
12.2894
11.819
11.3505
10.8841
10.4196
9.95703
9.49638
9.03759
8.58065
8.12552
7.67218
7.2206
6.77075
6.3226
5.87614
5.43133
4.98815
4.54658
4.10659
3.66816
3.23127
2.7959
2.36205
1.92959
1.49895
1.06888
0.643244
0.210447
61.4935
59.1978
57.1376
55.7772
54.4808
53.0272
51.5769
50.2609
49.0943
48.0549
47.1249
46.2889
45.5274
44.8205
44.1512
43.507
42.8787
42.2601
41.647
41.0367
40.4278
39.8197
39.212
38.6048
37.9985
37.3934
36.7899
36.1885
35.5894
34.993
34.3994
33.809
33.2218
32.6379
32.0574
31.4803
30.9067
30.3366
29.7699
29.2066
28.6468
28.0904
27.5373
26.9875
26.441
25.8978
25.3577
24.8208
24.2871
23.7564
23.2287
22.7039
22.1821
21.6632
21.1471
20.6337
20.1231
19.6152
19.1099
18.6073
18.1071
17.6095
17.1144
16.6217
16.1314
15.6434
15.1578
14.6744
14.1933
13.7143
13.2376
12.7629
12.2904
11.8199
11.3514
10.885
10.4205
9.9579
9.49723
9.03844
8.58148
8.12634
7.67299
7.2214
6.77153
6.32338
5.8769
5.43208
4.98889
4.54731
4.10731
3.66888
3.23198
2.79658
2.36272
1.93024
1.4997
1.06955
0.645944
0.208031
59.8949
58.846
57.2757
55.8391
54.5115
53.1552
51.8107
50.5581
49.4196
48.3829
47.4347
46.5651
45.7627
45.014
44.3059
43.6275
42.9705
42.3286
41.6972
41.0731
40.454
39.8387
39.2262
38.616
38.0078
37.4017
36.7976
36.1959
35.5966
35
34.4063
33.8157
33.2283
32.6443
32.0636
31.4864
30.9127
30.3424
29.7755
29.2121
28.6521
28.0954
27.5421
26.9921
26.4454
25.9019
25.3616
24.8245
24.2904
23.7595
23.2316
22.7067
22.1847
21.6656
21.1493
20.6359
20.1251
19.6171
19.1117
18.6089
18.1086
17.6109
17.1157
16.6229
16.1325
15.6445
15.1587
14.6753
14.1941
13.7151
13.2383
12.7636
12.291
11.8205
11.352
10.8855
10.421
9.95835
9.49766
9.03883
8.58186
8.12669
7.67332
7.22171
6.77183
6.32366
5.87717
5.43234
4.98914
4.54755
4.10754
3.66909
3.23217
2.79675
2.36284
1.93032
1.49981
1.06979
0.647916
0.204443
58.8784
58.21
56.937
55.5937
54.3606
53.1448
51.9152
50.7244
49.6127
48.5851
47.6329
46.7486
45.9254
45.1546
44.426
43.7295
43.0568
42.4013
41.7584
41.1247
40.4979
39.8766
39.2595
38.646
38.0354
37.4274
36.8219
36.2188
35.6183
35.0205
34.4256
33.8338
33.2453
32.6602
32.0786
31.5005
30.9261
30.3551
29.7876
29.2236
28.6631
28.1059
27.552
27.0015
26.4543
25.9103
25.3696
24.832
24.2976
23.7663
23.2381
22.7128
22.1906
21.6712
21.1547
20.641
20.1301
19.6218
19.1162
18.6133
18.1129
17.615
17.1196
16.6267
16.1361
15.6479
15.1621
14.6785
14.1972
13.7181
13.2412
12.7664
12.2937
11.8231
11.3545
10.8879
10.4233
9.96065
9.49989
9.04099
8.58394
8.12871
7.67528
7.2236
6.77366
6.32543
5.87889
5.43401
4.99076
4.54911
4.10905
3.67053
3.23354
2.79802
2.36397
1.93129
1.50028
1.07027
0.645311
0.207351
58.0622
57.5214
56.5267
55.395
54.285
53.1657
52.0145
50.8737
49.7894
48.7754
47.8255
46.9328
46.0933
45.3026
44.5538
43.8383
43.1482
42.4769
41.8198
41.1737
40.5366
39.907
39.2835
38.6653
38.0514
37.441
36.8338
36.2295
35.6279
35.0291
34.4334
33.8409
33.2518
32.6663
32.0843
31.5061
30.9315
30.3605
29.793
29.229
28.6683
28.1111
27.5571
27.0064
26.459
25.9148
25.3738
24.8361
24.3015
23.77
23.2416
22.7162
22.1939
21.6744
21.1578
20.6441
20.133
19.6247
19.1191
18.616
18.1155
17.6176
17.1221
16.629
16.1384
15.6502
15.1642
14.6806
14.1992
13.72
13.2431
12.7682
12.2955
11.8248
11.3562
10.8896
10.4249
9.96218
9.50137
9.04244
8.58535
8.13008
7.67661
7.2249
6.77493
6.32667
5.88009
5.43518
4.9919
4.55022
4.11012
3.67156
3.2345
2.79888
2.36461
1.93167
1.49959
1.06933
0.637067
0.215578
57.4298
56.9759
56.1752
55.2111
54.195
53.1443
52.0612
50.9775
49.9307
48.9371
47.9947
47.0986
46.2477
45.4415
44.6763
43.9452
43.2407
42.5564
41.8877
41.2315
40.5858
39.9493
39.3206
38.6984
38.0815
37.469
36.8599
36.2538
35.6507
35.0504
34.4531
33.8592
33.2688
32.6821
32.0992
31.5202
30.9449
30.3732
29.8052
29.2406
28.6794
28.1216
27.5671
27.0158
26.4678
25.923
25.3816
24.8433
24.3083
23.7765
23.2478
22.7221
22.1995
21.6799
21.1631
20.6492
20.1381
19.6296
19.1238
18.6207
18.12
17.622
17.1264
16.6332
16.1425
15.6541
15.1681
14.6844
14.2029
13.7237
13.2466
12.7717
12.2989
11.8282
11.3595
10.8928
10.4281
9.96534
9.50447
9.04548
8.58834
8.13302
7.67949
7.22773
6.77771
6.3294
5.88278
5.43783
4.9945
4.55278
4.11263
3.67402
3.23687
2.80114
2.36662
1.93337
1.50021
1.06958
0.631313
0.223576
56.9795
56.5786
55.8725
55.0031
54.06
53.0728
52.0518
51.0199
50.0074
49.0326
48.0988
47.2045
46.3502
45.5369
44.7623
44.021
43.3062
42.6116
41.9332
41.2682
40.6149
39.9721
39.3385
38.7126
38.093
37.4782
36.8674
36.2598
35.6553
35.0538
34.4555
33.8608
33.2697
32.6826
32.0995
31.5203
30.9449
30.3733
29.8053
29.2407
28.6795
28.1216
27.567
27.0156
26.4675
25.9226
25.3811
24.8427
24.3076
23.7758
23.247
22.7214
22.1988
21.6792
21.1624
20.6485
20.1374
19.6289
19.1231
18.62
18.1193
17.6213
17.1256
16.6325
16.1418
15.6534
15.1674
14.6837
14.2022
13.723
13.2459
12.771
12.2983
11.8276
11.3589
10.8922
10.4275
9.96474
9.50388
9.0449
8.58777
8.13246
7.67894
7.22719
6.77718
6.32888
5.88227
5.43733
4.99402
4.55232
4.11219
3.67358
3.23644
2.8007
2.36611
1.93274
1.49915
1.06838
0.628136
0.225524
56.707
56.3501
55.7098
54.9184
54.0443
53.1093
52.1296
51.1305
50.1397
49.1759
48.2458
47.3509
46.4927
45.6721
44.8877
44.1348
43.4074
42.7003
42.0099
41.3341
40.6715
40.0209
39.3808
38.7495
38.1252
37.5064
36.892
36.2811
35.6736
35.0695
34.4689
33.8722
33.2795
32.6911
32.1068
31.5266
30.9505
30.3782
29.8094
29.2443
28.6825
28.124
27.5689
27.0171
26.4686
25.9235
25.3817
24.8432
24.3081
23.7761
23.2474
22.7218
22.1992
21.6796
21.1628
20.6489
20.1377
19.6293
19.1235
18.6203
18.1197
17.6216
17.126
16.6329
16.1422
15.6539
15.1679
14.6842
14.2028
13.7236
13.2466
12.7718
12.299
11.8283
11.3597
10.893
10.4283
9.96558
9.50473
9.04576
8.58863
8.13332
7.6798
7.22805
6.77805
6.32976
5.88316
5.43822
4.99493
4.55325
4.11314
3.67458
3.2375
2.80183
2.36739
1.9342
1.50108
1.07047
0.632043
0.222775
56.6786
56.1492
55.4224
54.6681
53.8622
52.9757
52.032
51.069
50.1117
49.1726
48.258
47.3728
46.5208
45.7036
44.9198
44.165
43.4343
42.7232
42.029
41.3499
40.6848
40.0323
39.3907
38.758
38.1325
37.5123
36.8964
36.2842
35.6754
35.0702
34.4687
33.8714
33.2782
32.6894
32.1048
31.5243
30.9477
30.3748
29.8055
29.2396
28.6772
28.1181
27.5624
27.0101
26.4612
25.9157
25.3737
24.8351
24.2999
23.7679
23.2391
22.7134
22.1908
21.6712
21.1544
20.6404
20.1292
19.6208
19.115
18.6118
18.1112
17.6132
17.1176
16.6246
16.134
15.6458
15.1599
14.6764
14.1951
13.7161
13.2392
12.7644
12.2918
11.8212
11.3527
10.8862
10.4216
9.95892
9.49817
9.03929
8.58227
8.12706
7.67365
7.222
6.7721
6.32392
5.87744
5.43262
4.98946
4.54791
4.10797
3.66959
3.23277
2.79744
2.36357
1.93109
1.50001
1.07031
0.642757
0.209421
57.8401
56.8643
55.7829
54.8836
54.0255
53.0986
52.1209
51.142
50.1838
49.2483
48.3357
47.4502
46.5964
45.7764
44.9883
44.2276
43.4894
42.77
42.0671
41.3796
40.7066
40.0468
39.3983
38.7593
38.1278
37.5022
36.8816
36.2652
35.6532
35.0455
34.4424
33.844
33.2504
32.6615
32.0771
31.4969
30.9207
30.3482
29.7792
29.2138
28.6518
28.0931
27.538
26.9863
26.4382
25.8936
25.3524
24.8147
24.2804
23.7494
23.2215
22.6967
22.175
21.6561
21.1401
20.6268
20.1163
19.6085
19.1033
18.6007
18.1007
17.6032
17.1082
16.6157
16.1256
15.6379
15.1525
14.6694
14.1885
13.7098
13.2333
12.7589
12.2866
11.8163
11.348
10.8817
10.4173
9.95491
9.49436
9.03568
8.57883
8.12379
7.67054
7.21905
6.76931
6.32127
5.87493
5.43026
4.98724
4.54585
4.10607
3.66788
3.23129
2.79626
2.36286
1.93098
1.50125
1.07186
0.64982
0.203727
65.9132
61.3377
57.9971
56.2162
54.7098
53.0966
51.5544
50.2061
49.0411
48.0193
47.1142
46.3039
45.5654
44.8765
44.2199
43.5833
42.9583
42.3395
41.7233
41.1083
40.4937
39.8792
39.2649
38.6512
38.0386
37.4278
36.8191
36.2131
35.61
35.01
34.4133
33.8201
33.2305
32.6445
32.0622
31.4836
30.9087
30.3374
29.7698
29.2058
28.6454
28.0885
27.535
26.9849
26.4381
25.8947
25.3545
24.8175
24.2837
23.7529
23.2252
22.7004
22.1786
21.6597
21.1436
20.6303
20.1198
19.6119
19.1067
18.6041
18.104
17.6065
17.1114
16.6188
16.1286
15.6407
15.1551
14.6718
14.1908
13.7119
13.2352
12.7606
12.2882
11.8178
11.3494
10.883
10.4186
9.95608
9.49549
9.03677
8.57988
8.12481
7.67153
7.22001
6.77021
6.32213
5.87572
5.43098
4.98787
4.54637
4.10646
3.66812
3.23135
2.7961
2.36241
1.93016
1.49965
1.06986
0.643476
0.21173
62.6776
59.9324
57.5264
56.0212
54.6595
53.1553
51.6689
50.3382
49.1733
48.1434
47.2253
46.4001
45.6469
44.9445
44.2759
43.6286
42.9946
42.3681
41.7458
41.1258
40.5071
39.8893
39.2724
38.6566
38.0424
37.4301
36.8204
36.2134
35.6095
35.0089
34.4118
33.8182
33.2283
32.6421
32.0597
31.481
30.906
30.3347
29.7671
29.2031
28.6427
28.0858
27.5324
26.9824
26.4357
25.8923
25.3522
24.8153
24.2816
23.7509
23.2233
22.6986
22.1769
21.6581
21.1421
20.6289
20.1184
19.6106
19.1055
18.6029
18.1029
17.6055
17.1104
16.6179
16.1277
15.6399
15.1543
14.6711
14.1901
13.7113
13.2346
12.7601
12.2876
11.8173
11.3489
10.8825
10.4181
9.95568
9.4951
9.0364
8.57954
8.12448
7.67122
7.21971
6.76993
6.32186
5.87547
5.43074
4.98764
4.54615
4.10626
3.66794
3.23117
2.79594
2.36228
1.93004
1.49968
1.06985
0.644833
0.209681
61.0711
59.5617
57.6327
56.0537
54.6702
53.2675
51.8865
50.6184
49.4806
48.4512
47.5115
46.6499
45.8542
45.11
44.4038
43.7247
43.0646
42.4176
41.7797
41.1483
40.5215
39.8983
39.278
38.6603
38.0451
37.4325
36.8227
36.2158
35.612
35.0115
34.4144
33.8209
33.231
32.6448
32.0624
31.4836
30.9086
30.3372
29.7694
29.2052
28.6446
28.0875
27.5338
26.9835
26.4366
25.893
25.3527
24.8156
24.2817
23.7508
23.223
22.6983
22.1764
21.6575
21.1414
20.6281
20.1176
19.6097
19.1045
18.6019
18.1019
17.6044
17.1093
16.6167
16.1265
15.6387
15.1531
14.6699
14.1889
13.7101
13.2334
12.7589
12.2865
11.8161
11.3478
10.8814
10.4171
9.9546
9.49405
9.03536
8.57852
8.12349
7.67024
7.21875
6.76899
6.32094
5.87457
5.42986
4.98679
4.54532
4.10545
3.66716
3.23042
2.79523
2.36162
1.92947
1.49938
1.06971
0.646735
0.20584
60.0475
58.922
57.2917
55.8081
54.5209
53.2573
51.9894
50.7826
49.6719
48.6508
47.7051
46.8267
46.0085
45.2412
44.5136
43.8156
43.1389
42.4776
41.8276
41.186
40.5512
39.9218
39.297
38.6761
38.0587
37.4446
36.8335
36.2256
35.621
35.0197
34.4219
33.8277
33.2373
32.6507
32.0679
31.4889
30.9137
30.3421
29.7742
29.2098
28.649
28.0917
27.5378
26.9873
26.4401
25.8963
25.3558
24.8185
24.2844
23.7534
23.2255
22.7006
22.1787
21.6597
21.1435
20.6301
20.1195
19.6116
19.1063
18.6036
18.1035
17.6059
17.1108
16.6181
16.1278
15.6399
15.1543
14.6709
14.1899
13.711
13.2343
12.7597
12.2873
11.8168
11.3485
10.8821
10.4176
9.95514
9.49454
9.03581
8.57892
8.12385
7.67057
7.21904
6.76925
6.32116
5.87477
5.43003
4.98693
4.54545
4.10556
3.66725
3.23051
2.79532
2.36174
1.92966
1.49977
1.07031
0.648344
0.203596
59.2272
58.2327
56.8801
55.6044
54.4389
53.2726
52.0845
50.9292
49.8462
48.8372
47.8915
47.0022
46.1662
45.3783
44.6302
43.913
43.2187
42.5412
41.8767
41.2229
40.578
39.941
39.3106
38.686
38.0661
37.4504
36.8383
36.2297
35.6244
35.0225
34.4242
33.8297
33.2391
32.6524
32.0696
31.4907
30.9156
30.3442
29.7764
29.2122
28.6514
28.094
27.54
26.9893
26.442
25.898
25.3573
24.8198
24.2856
23.7545
23.2266
22.7017
22.1797
21.6607
21.1446
20.6312
20.1205
19.6126
19.1073
18.6046
18.1044
17.6067
17.1116
16.6189
16.1285
15.6406
15.1549
14.6716
14.1905
13.7116
13.2349
12.7603
12.2879
11.8175
11.3491
10.8827
10.4182
9.95571
9.4951
9.03636
8.57945
8.12437
7.67107
7.21953
6.76972
6.32163
5.87521
5.43047
4.98736
4.54587
4.10597
3.66766
3.23092
2.79574
2.36216
1.93013
1.50017
1.07082
0.647922
0.204036
58.5916
57.686
56.5268
55.4172
54.3467
53.2517
52.1338
51.0361
49.99
48.9998
48.0591
47.1642
46.3155
45.5113
44.7466
44.0135
43.3043
42.6132
41.9365
41.2719
40.6182
39.9742
39.3387
38.7103
38.0878
37.4701
36.8563
36.2461
35.6393
35.0361
34.4365
33.8408
33.2491
32.6616
32.0783
31.4989
30.9235
30.3519
29.7839
29.2193
28.6582
28.1005
27.546
26.995
26.4473
25.9029
25.3618
24.8241
24.2896
23.7584
23.2303
22.7053
22.1833
21.6642
21.148
20.6346
20.1239
19.6159
19.1105
18.6078
18.1075
17.6098
17.1146
16.6217
16.1314
15.6433
15.1576
14.6742
14.1931
13.7142
13.2374
12.7628
12.2903
11.8199
11.3514
10.885
10.4205
9.95798
9.49733
9.03855
8.5816
8.12647
7.67313
7.22155
6.7717
6.32357
5.87712
5.43234
4.9892
4.54769
4.10777
3.66944
3.23268
2.79748
2.36386
1.93178
1.50155
1.07212
0.647392
0.206589
58.1392
57.2884
56.2258
55.2123
54.216
53.1852
52.1291
51.0831
50.0717
49.1006
48.1679
47.2733
46.4192
45.6061
44.8305
44.086
43.3655
42.6635
41.9766
41.303
40.6418
39.9917
39.3516
38.7199
38.0949
37.4752
36.8599
36.2484
35.6405
35.0362
34.4358
33.8395
33.2475
32.6598
32.0764
31.4972
30.922
30.3505
29.7826
29.2182
28.6571
28.0993
27.5448
26.9936
26.4458
25.9013
25.3602
24.8224
24.288
23.7567
23.2287
22.7038
22.1818
21.6629
21.1467
20.6334
20.1228
19.6148
19.1095
18.6067
18.1065
17.6088
17.1136
16.6208
16.1305
15.6425
15.1569
14.6735
14.1924
13.7135
13.2368
12.7623
12.2898
11.8194
11.351
10.8846
10.4201
9.95762
9.49699
9.03822
8.58129
8.12618
7.67285
7.22128
6.77145
6.32333
5.87691
5.43214
4.98903
4.54753
4.10764
3.66933
3.23259
2.79742
2.3638
1.93171
1.50132
1.07182
0.646268
0.207254
57.8658
57.0591
56.0623
55.1273
54.2014
53.2239
52.2091
51.1957
50.2067
49.2481
48.32
47.4243
46.5646
45.7422
44.9549
44.1971
43.463
42.7478
42.0488
41.3645
40.694
40.0363
39.3897
38.7525
38.1228
37.4991
36.8802
36.2655
35.6548
35.0482
34.4458
33.848
33.2547
32.6661
32.082
31.5021
30.9263
30.3543
29.7859
29.221
28.6595
28.1012
27.5464
26.9949
26.4468
25.9022
25.3609
24.8231
24.2886
23.7574
23.2293
22.7044
22.1825
21.6635
21.1474
20.6341
20.1235
19.6155
19.1102
18.6074
18.1073
17.6096
17.1144
16.6217
16.1314
15.6434
15.1578
14.6745
14.1935
13.7146
13.2379
12.7634
12.2909
11.8205
11.3522
10.8858
10.4213
9.95879
9.49815
9.03938
8.58245
8.12733
7.674
7.22243
6.7726
6.32448
5.87806
5.4333
4.99019
4.54871
4.10884
3.67055
3.23384
2.7987
2.36513
1.93309
1.50286
1.07332
0.648535
0.206531
57.8401
56.8643
55.7829
54.8836
54.0255
53.0986
52.1209
51.142
50.1838
49.2483
48.3357
47.4502
46.5964
45.7764
44.9883
44.2276
43.4895
42.77
42.0671
41.3796
40.7066
40.0467
39.3983
38.7593
38.1278
37.5023
36.8816
36.2653
35.6532
35.0455
34.4424
33.844
33.2504
32.6614
32.077
31.4968
30.9206
30.3482
29.7793
29.2138
28.6518
28.0932
27.538
26.9864
26.4382
25.8936
25.3524
24.8147
24.2804
23.7493
23.2215
22.6967
22.1749
21.6561
21.1401
20.6268
20.1163
19.6085
19.1033
18.6007
18.1007
17.6032
17.1082
16.6157
16.1256
15.6379
15.1525
14.6694
14.1885
13.7098
13.2333
12.7589
12.2866
11.8163
11.348
10.8817
10.4174
9.95491
9.49437
9.03568
8.57883
8.1238
7.67055
7.21906
6.76931
6.32127
5.87493
5.43026
4.98724
4.54584
4.10607
3.66788
3.23129
2.79626
2.36286
1.93098
1.50125
1.07186
0.64982
0.203727
59.0003
57.5825
56.1571
55.1203
54.2131
53.2499
52.2442
51.2532
50.2949
49.3621
48.4503
47.5634
46.7067
45.8821
45.0872
44.3177
43.5691
42.8388
42.1252
41.4279
40.7459
40.0779
39.4222
38.7766
38.139
37.5081
36.8827
36.2625
35.6473
35.0374
34.4327
33.8333
33.2391
32.6499
32.0654
31.4851
30.9088
30.3362
29.7673
29.2018
28.6399
28.0814
27.5265
26.9753
26.4276
25.8836
25.343
24.806
24.2723
23.7418
23.2145
22.6903
22.169
21.6506
21.135
20.6221
20.1119
19.6044
19.0996
18.5973
18.0977
17.6005
17.1059
16.6137
16.1239
15.6364
15.1513
14.6685
14.1878
13.7094
13.233
12.7588
12.2866
11.8165
11.3483
10.8822
10.4179
9.95557
9.49511
9.03651
8.57974
8.12478
7.6716
7.22019
6.7705
6.32253
5.87625
5.43164
4.98868
4.54735
4.10763
3.66951
3.23298
2.79801
2.36463
1.93271
1.50262
1.07286
0.64769
0.208449
)
;

boundaryField
{
    inlet
    {
        type            zeroGradient;
    }
    outlet
    {
        type            fixedValue;
        value           uniform 0;
    }
    Wall
    {
        type            zeroGradient;
    }
}


// ************************************************************************* //
