/*--------------------------------*- C++ -*----------------------------------*\
| =========                 |                                                 |
| \\      /  F ield         | OpenFOAM: The Open Source CFD Toolbox           |
|  \\    /   O peration     | Version:  5.x                                   |
|   \\  /    A nd           | Web:      www.OpenFOAM.org                      |
|    \\/     M anipulation  |                                                 |
\*---------------------------------------------------------------------------*/
/*   Windows 32 and 64 bit porting by blueCAPE: http://www.bluecape.com.pt   *\
|  Based on Windows porting (2.0.x v4) by Symscape: http://www.symscape.com   |
\*---------------------------------------------------------------------------*/
FoamFile
{
    version     2.0;
    format      ascii;
    class       volScalarField;
    location    "20";
    object      p;
}
// * * * * * * * * * * * * * * * * * * * * * * * * * * * * * * * * * * * * * //

dimensions      [0 2 -2 0 0 0 0];

internalField   nonuniform List<scalar> 
10000
(
73.1101
65.3699
60.254
57.7769
55.7468
53.6932
51.8829
50.402
49.1604
48.0722
47.0996
46.2265
45.4391
44.7218
44.0584
43.434
42.8361
42.2545
41.6815
41.112
40.5427
39.9715
39.3978
38.8212
38.2421
37.6609
37.0783
36.4948
35.9112
35.328
34.7457
34.1647
33.5854
33.008
32.4329
31.86
31.2896
30.7215
30.156
29.5931
29.0328
28.4751
27.9201
27.3678
26.8182
26.2713
25.7271
25.1856
24.6468
24.1106
23.577
23.046
22.5176
21.9918
21.4686
20.948
20.4301
19.9147
19.4018
18.8915
18.3836
17.878
17.3749
16.8741
16.3756
15.8795
15.3856
14.894
14.4047
13.9176
13.4327
12.95
12.4694
11.9909
11.5146
11.0404
10.5683
10.0982
9.63016
9.16412
8.70006
8.23795
7.77773
7.31938
6.86286
6.40813
5.95517
5.50396
5.05449
4.60676
4.16074
3.71641
3.27373
2.83267
2.39318
1.95517
1.51886
1.0834
0.651145
0.214778
69.9272
64.0221
59.7441
57.5453
55.6855
53.7209
51.9179
50.413
49.1548
48.0633
47.0927
46.2215
45.4346
44.7172
44.0539
43.43
42.8328
42.2518
41.6795
41.1104
40.5413
39.9702
39.3965
38.82
38.2409
37.6598
37.0773
36.494
35.9105
35.3274
34.7452
34.1643
33.5851
33.0079
32.4328
31.86
31.2896
30.7216
30.1562
29.5932
29.0329
28.4753
27.9203
27.368
26.8184
26.2716
25.7274
25.1858
24.647
24.1108
23.5772
23.0462
22.5178
21.992
21.4688
20.9482
20.4302
19.9148
19.4019
18.8916
18.3837
17.8781
17.375
16.8742
16.3757
15.8795
15.3857
14.8941
14.4048
13.9177
13.4327
12.95
12.4694
11.991
11.5146
11.0404
10.5683
10.0982
9.63017
9.16414
8.70007
8.23796
7.77774
7.31939
6.86287
6.40814
5.95518
5.50397
5.0545
4.60677
4.16074
3.71642
3.27374
2.83269
2.3932
1.95519
1.5189
1.0834
0.651728
0.214118
68.3491
63.6142
59.7651
57.5396
55.693
53.7899
52.0083
50.4874
49.2119
48.1161
47.1487
46.2798
45.4913
44.769
44.0996
43.4697
42.8671
42.2816
41.7052
41.1326
40.5603
39.9863
39.4099
38.831
38.2498
37.6668
37.0826
36.4979
35.9133
35.3292
34.7462
34.1647
33.5851
33.0074
32.432
31.859
31.2884
30.7202
30.1546
29.5916
29.0313
28.4736
27.9186
27.3663
26.8168
26.2699
25.7257
25.1842
24.6454
24.1093
23.5757
23.0447
22.5164
21.9906
21.4674
20.9469
20.429
19.9136
19.4008
18.8905
18.3826
17.8771
17.374
16.8732
16.3747
15.8786
15.3848
14.8932
14.404
13.9169
13.432
12.9493
12.4687
11.9903
11.514
11.0398
10.5677
10.0976
9.62958
9.16356
8.69952
8.23742
7.77722
7.31889
6.86238
6.40768
5.95473
5.50353
5.05405
4.60634
4.16032
3.71601
3.27335
2.83231
2.39283
1.95483
1.5186
1.08314
0.652334
0.212867
67.346
63.0075
59.4564
57.3273
55.5597
53.7471
52.0214
50.5193
49.2504
48.1646
47.2103
46.3525
45.5701
44.8488
44.1767
43.5422
42.9345
42.3439
41.7629
41.1859
40.6094
40.0313
39.451
38.8683
38.2835
37.6973
37.1101
36.5227
35.9357
35.3495
34.7646
34.1814
33.6003
33.0213
32.4448
31.8707
31.2991
30.73
30.1636
29.5999
29.0389
28.4806
27.9251
27.3723
26.8223
26.275
25.7304
25.1886
24.6494
24.1129
23.5791
23.0479
22.5193
21.9933
21.4699
20.9492
20.4311
19.9156
19.4026
18.8922
18.3842
17.8786
17.3753
16.8744
16.3759
15.8796
15.3858
14.8941
14.4048
13.9177
13.4327
12.95
12.4694
11.9909
11.5146
11.0404
10.5682
10.0981
9.63009
9.16405
8.69998
8.23787
7.77765
7.31931
6.86279
6.40808
5.95511
5.50389
5.0544
4.60667
4.16065
3.71633
3.27366
2.83262
2.39312
1.95512
1.51894
1.08352
0.653424
0.21229
66.5502
62.3626
59.0675
57.1146
55.4534
53.7185
52.0412
50.5597
49.2991
48.2221
47.2797
46.4337
45.6595
44.9416
44.2685
43.63
43.0167
42.4199
41.8326
41.2494
40.6671
40.0836
39.4982
38.9108
38.3218
37.7316
37.141
36.5504
35.9606
35.3719
34.7849
34.1998
33.617
33.0366
32.4588
31.8835
31.3108
30.7408
30.1736
29.6091
29.0474
28.4884
27.9323
27.379
26.8285
26.2808
25.7358
25.1936
24.6541
24.1172
23.5831
23.0516
22.5227
21.9964
21.4728
20.9519
20.4336
19.9179
19.4047
18.8941
18.3859
17.8801
17.3767
16.8757
16.377
15.8806
15.3866
14.8949
14.4055
13.9183
13.4333
12.9505
12.4698
11.9913
11.5149
11.0406
10.5684
10.0983
9.63021
9.16412
8.70002
8.23787
7.77762
7.31925
6.86271
6.40796
5.95497
5.50373
5.05423
4.60649
4.16045
3.71612
3.27344
2.83238
2.39286
1.95485
1.51864
1.08324
0.653344
0.211556
65.9393
61.8483
58.7341
56.9306
55.3591
53.6819
52.0447
50.5885
49.3446
48.2823
47.3552
46.5232
45.7596
45.0475
44.3757
43.7349
43.1166
42.5134
41.9192
41.3291
40.7402
40.1505
39.5593
38.9667
38.3728
37.7782
37.1835
36.5894
35.9963
35.4048
34.8153
34.228
33.6432
33.061
32.4815
31.9048
31.3308
30.7596
30.1912
29.6257
29.0631
28.5033
27.9464
27.3923
26.8411
26.2927
25.7471
25.2043
24.6643
24.1269
23.5923
23.0604
22.5311
22.0045
21.4805
20.9592
20.4406
19.9246
19.4112
18.9003
18.3918
17.8858
17.3822
16.881
16.3821
15.8856
15.3914
14.8996
14.41
13.9227
13.4376
12.9547
12.474
11.9954
11.519
11.0446
10.5724
10.1022
9.6341
9.16798
8.70383
8.24165
7.78137
7.32297
6.8664
6.41164
5.95863
5.50739
5.05788
4.61014
4.1641
3.71976
3.27706
2.83599
2.39643
1.9584
1.52207
1.08664
0.6563
0.213552
65.5093
61.4809
58.4617
56.7423
55.2278
53.5898
51.9849
50.5571
49.3381
48.2982
47.391
46.5757
45.8244
45.1199
44.4511
43.8098
43.1885
42.5808
41.9811
41.3854
40.7908
40.1958
39.5997
39.0023
38.4042
37.8058
37.2078
36.6107
36.0151
35.4213
34.8298
34.2409
33.6546
33.0711
32.4905
31.9127
31.3379
30.7659
30.1969
29.6307
29.0675
28.5072
27.9498
27.3953
26.8437
26.2949
25.749
25.2058
24.6655
24.1279
23.593
23.0608
22.5313
22.0045
21.4803
20.9589
20.44
19.9238
19.4102
18.8992
18.3906
17.8844
17.3806
16.8793
16.3803
15.8837
15.3895
14.8976
14.408
13.9206
13.4355
12.9525
12.4718
11.9932
11.5168
11.0424
10.5702
10.1001
9.63193
9.16582
8.7017
8.23953
7.77928
7.3209
6.86437
6.40965
5.9567
5.50552
5.05609
4.60842
4.16245
3.71818
3.27555
2.83454
2.39503
1.95709
1.52071
1.08543
0.654788
0.212976
65.2521
61.2761
58.3283
56.682
55.2195
53.6063
52.0129
50.596
49.3913
48.3676
47.4764
46.6749
45.9338
45.2352
44.5683
43.9254
43.2998
42.6861
42.0793
41.4761
40.874
40.2716
39.6685
39.0646
38.4605
37.8566
37.2537
36.6521
36.0525
35.4552
34.8605
34.2686
33.6798
33.0939
32.5111
31.9314
31.3548
30.7813
30.2107
29.6433
29.0788
28.5174
27.959
27.4035
26.851
26.3014
25.7547
25.2108
24.6698
24.1316
23.5962
23.0635
22.5336
22.0064
21.4818
20.96
20.4409
19.9244
19.4104
18.8991
18.3902
17.8838
17.3799
16.8784
16.3793
15.8826
15.3882
14.8962
14.4065
13.9191
13.4339
12.9509
12.4702
11.9916
11.5152
11.0409
10.5687
10.0985
9.63045
9.16439
8.70031
8.23821
7.77802
7.31972
6.86328
6.40867
5.95584
5.50479
5.05551
4.60797
4.16215
3.71803
3.27556
2.83471
2.39538
1.95766
1.5214
1.08645
0.655565
0.213888
65.2196
61.0772
58.0481
56.4485
55.0708
53.5165
51.9515
50.5491
49.3563
48.3456
47.4682
46.6799
45.95
45.2595
44.5973
43.9562
43.3302
42.7144
42.1045
41.4978
40.892
40.2861
39.6798
39.0732
38.4668
37.861
37.2565
36.6537
36.0531
35.455
34.8597
34.2674
33.6781
33.0919
32.5087
31.9287
31.3518
30.7779
30.2071
29.6394
29.0746
28.5129
27.9542
27.3984
26.8455
26.2956
25.7486
25.2044
24.6631
24.1246
23.5889
23.056
22.5258
21.9983
21.4736
20.9515
20.4322
19.9155
19.4013
18.8898
18.3808
17.8742
17.3702
16.8686
16.3694
15.8726
15.3782
14.8861
14.3964
13.9089
13.4237
12.9408
12.4601
11.9815
11.5052
11.0309
10.5588
10.0887
9.62074
9.15476
8.69077
8.22875
7.76866
7.31047
6.85414
6.39965
5.94697
5.49607
5.04695
4.59957
4.15391
3.70995
3.26765
2.827
2.38791
1.95049
1.5146
1.08028
0.650257
0.211105
66.4056
61.8314
58.4689
56.7026
55.2488
53.6561
52.0688
50.6547
49.458
48.4494
47.5777
46.7965
46.0728
45.3865
44.7256
44.0827
43.4521
42.8293
42.2111
41.5953
40.9804
40.3656
39.7507
39.1361
38.5224
37.91
37.2996
36.6917
36.0865
35.4844
34.8856
34.29
33.6978
33.109
32.5236
31.9415
31.3626
30.7871
30.2147
29.6455
29.0795
28.5166
27.9568
27.4001
26.8463
26.2956
25.7478
25.203
24.661
24.122
23.5858
23.0524
22.5218
21.9941
21.469
20.9467
20.4271
19.9102
19.3959
18.8842
18.3751
17.8685
17.3644
16.8628
16.3636
15.8669
15.3725
14.8805
14.3909
13.9036
13.4185
12.9357
12.4552
11.9768
11.5007
11.0266
10.5547
10.0849
9.61711
9.15136
8.68761
8.22582
7.76598
7.30803
6.85196
6.39773
5.94533
5.4947
5.04586
4.59875
4.15337
3.70968
3.26767
2.82731
2.38856
1.95138
1.51586
1.0815
0.649884
0.213882
69.9276
64.0224
59.7441
57.5447
55.6848
53.7206
51.918
50.4133
49.155
48.0634
47.0927
46.2215
45.4346
44.7172
44.0539
43.4301
42.8329
42.2519
41.6795
41.1104
40.5413
39.9703
39.3965
38.82
38.2409
37.6598
37.0773
36.494
35.9105
35.3274
34.7451
34.1643
33.5851
33.0079
32.4328
31.86
31.2896
30.7216
30.1562
29.5932
29.0329
28.4753
27.9203
27.368
26.8184
26.2716
25.7274
25.1858
24.647
24.1108
23.5772
23.0462
22.5178
21.9919
21.4687
20.9481
20.4302
19.9148
19.4019
18.8916
18.3837
17.8781
17.375
16.8742
16.3757
15.8795
15.3857
14.8941
14.4048
13.9177
13.4327
12.95
12.4694
11.991
11.5146
11.0404
10.5683
10.0982
9.63017
9.16414
8.70008
8.23796
7.77775
7.3194
6.86287
6.40815
5.95518
5.50397
5.0545
4.60677
4.16074
3.71642
3.27374
2.83269
2.3932
1.95519
1.5189
1.0834
0.651731
0.214119
66.6297
62.5679
59.2542
57.3904
55.6879
53.8068
52.0133
50.4815
49.1987
48.0975
47.1267
46.2568
45.4691
44.7482
44.08
43.451
42.8492
42.2644
41.6891
41.1177
40.547
39.9748
39.4002
38.823
38.2435
37.6621
37.0795
36.496
35.9125
35.3294
34.7473
34.1664
33.5873
33.0102
32.4351
31.8624
31.292
30.724
30.1585
29.5956
29.0353
28.4775
27.9225
27.3701
26.8205
26.2736
25.7293
25.1877
24.6488
24.1125
23.5789
23.0478
22.5193
21.9935
21.4702
20.9495
20.4315
19.916
19.4032
18.8928
18.3848
17.8793
17.3761
16.8752
16.3767
15.8805
15.3866
14.895
14.4057
13.9185
13.4336
12.9509
12.4702
11.9918
11.5154
11.0412
10.569
10.099
9.63089
9.16484
8.70076
8.23863
7.7784
7.32004
6.86351
6.40879
5.95582
5.5046
5.05511
4.60736
4.16132
3.71697
3.27428
2.83323
2.39374
1.95575
1.51936
1.08422
0.653098
0.213034
65.0861
62.2323
59.394
57.4623
55.7245
53.8952
52.1402
50.6093
49.314
48.2038
47.2289
46.3556
45.5624
44.8334
44.1557
43.5169
42.9058
42.3128
41.7303
41.1528
40.5768
40
39.4213
38.8406
38.2581
37.674
37.089
36.5036
35.9185
35.334
34.7507
34.1689
33.5891
33.0113
32.4358
31.8627
31.2921
30.7239
30.1582
29.5952
29.0347
28.4769
27.9219
27.3695
26.8198
26.2729
25.7286
25.1871
24.6482
24.1119
23.5783
23.0473
22.5188
21.993
21.4697
20.9491
20.4311
19.9156
19.4028
18.8924
18.3845
17.879
17.3759
16.875
16.3765
15.8803
15.3864
14.8949
14.4055
13.9184
13.4335
12.9507
12.4702
11.9917
11.5154
11.0412
10.569
10.0989
9.63087
9.16482
8.70074
8.23862
7.7784
7.32007
6.86356
6.40886
5.95591
5.50469
5.05519
4.60742
4.16136
3.71701
3.27432
2.83327
2.39377
1.9558
1.51941
1.08466
0.654489
0.210886
64.0982
61.6472
59.0732
57.207
55.5419
53.8222
52.1491
50.6545
49.3714
48.2687
47.3025
46.4372
45.6489
44.9213
44.2419
43.5992
42.9833
42.3851
41.7975
41.2151
40.6342
40.0527
39.4696
38.8847
38.298
37.7102
37.1217
36.5332
35.9451
35.3581
34.7725
34.1887
33.6071
33.0278
32.4509
31.8766
31.3048
30.7356
30.1691
29.6052
29.044
28.4856
27.9299
27.3769
26.8268
26.2794
25.7347
25.1927
24.6535
24.1169
23.5829
23.0516
22.5229
21.9968
21.4734
20.9525
20.4343
19.9187
19.4057
18.8952
18.3871
17.8815
17.3782
16.8773
16.3786
15.8823
15.3883
14.8967
14.4072
13.9201
13.4351
12.9523
12.4717
11.9932
11.5168
11.0425
10.5704
10.1002
9.63216
9.16607
8.70197
8.23983
7.77959
7.32124
6.86472
6.41
5.95702
5.50577
5.05624
4.60844
4.16235
3.71797
3.27526
2.83419
2.39466
1.95671
1.52035
1.08594
0.656674
0.20986
63.3012
60.9791
58.6575
56.9746
55.4245
53.7968
52.1874
50.7223
49.4477
48.348
47.3856
46.5249
45.7397
45.0126
44.3309
43.6839
43.0625
42.4582
41.8645
41.2763
40.6899
40.1032
39.5153
38.9259
38.3352
37.7436
37.1516
36.56
35.9692
35.3796
34.7919
34.2062
33.6229
33.0421
32.4639
31.8884
31.3155
30.7454
30.178
29.6134
29.0515
28.4924
27.9362
27.3828
26.8322
26.2843
25.7392
25.1969
24.6573
24.1204
23.5862
23.0546
22.5257
21.9994
21.4757
20.9546
20.4362
19.9204
19.4073
18.8966
18.3884
17.8826
17.3792
16.8781
16.3794
15.883
15.3889
14.8972
14.4077
13.9204
13.4354
12.9525
12.4719
11.9933
11.5169
11.0426
10.5704
10.1003
9.63215
9.16604
8.70192
8.23975
7.77949
7.32112
6.86458
6.40984
5.95684
5.50557
5.05602
4.60822
4.16212
3.71773
3.27501
2.83394
2.39438
1.95644
1.51998
1.08583
0.656697
0.208711
62.6888
60.4527
58.3135
56.7885
55.3328
53.7675
52.204
50.7677
49.5092
48.4208
47.469
46.6181
45.8405
45.1177
44.4367
43.7874
43.1613
42.5512
41.951
41.3561
40.7633
40.1705
39.577
38.9824
38.387
37.791
37.1952
36.6
36.006
35.4137
34.8234
34.2355
33.6502
33.0676
32.4877
31.9107
31.3365
30.7651
30.1965
29.6308
29.068
28.508
27.9509
27.3967
26.8453
26.2967
25.751
25.208
24.6678
24.1304
23.5957
23.0636
22.5343
22.0076
21.4835
20.9621
20.4434
19.9273
19.4138
18.9029
18.3944
17.8884
17.3848
16.8835
16.3846
15.888
15.3938
14.9019
14.4123
13.925
13.4399
12.9569
12.4762
11.9976
11.5212
11.0468
10.5746
10.1044
9.63624
9.1701
8.70594
8.24374
7.78346
7.32506
6.8685
6.41374
5.96072
5.50945
5.05991
4.61211
4.16602
3.72163
3.2789
2.83781
2.3982
1.96026
1.52356
1.08962
0.659802
0.210887
62.2595
60.0801
58.031
56.5881
55.1872
53.6603
52.1305
50.7251
49.4939
48.4295
47.499
46.6662
45.9024
45.1884
44.5114
43.8622
43.2334
42.6185
42.0125
41.4114
40.8124
40.2138
39.6148
39.0153
38.4154
37.8156
37.2164
36.6184
36.022
35.4276
34.8356
34.2463
33.6597
33.076
32.4952
31.9173
31.3424
30.7703
30.2011
29.6349
29.0715
28.5111
27.9535
27.3988
26.8471
26.2981
25.752
25.2087
24.6682
24.1305
23.5955
23.0632
22.5336
22.0067
21.4825
20.9609
20.442
19.9258
19.4121
18.901
18.3924
17.8862
17.3825
16.8811
16.3821
15.8855
15.3912
14.8993
14.4096
13.9222
13.4371
12.9542
12.4734
11.9948
11.5184
11.0441
10.5718
10.1016
9.63351
9.16739
8.70325
8.24108
7.78082
7.32245
6.86592
6.41121
5.95825
5.50706
5.05761
4.6099
4.16389
3.71959
3.27692
2.83591
2.39634
1.9585
1.52161
1.08806
0.657536
0.210146
62.004
59.8782
57.91
56.5466
55.1984
53.6929
52.1705
50.7723
49.5522
48.5019
47.5865
46.7675
46.0146
45.3075
44.6333
43.983
43.35
42.7289
42.1153
41.5059
40.8985
40.2917
39.685
39.0783
38.472
37.8665
37.2622
36.6597
36.0594
35.4615
34.8665
34.2744
33.6855
33.0995
32.5167
31.937
31.3603
30.7867
30.2161
29.6485
29.0839
28.5223
27.9637
27.408
26.8553
26.3055
25.7585
25.2145
24.6733
24.135
23.5994
23.0666
22.5365
22.0092
21.4846
20.9627
20.4434
19.9268
19.4129
18.9015
18.3926
17.8862
17.3822
16.8807
16.3816
15.8848
15.3904
14.8984
14.4087
13.9212
13.436
12.9531
12.4723
11.9937
11.5173
11.043
10.5708
10.1006
9.63252
9.16645
8.70236
8.24024
7.78004
7.32174
6.86529
6.41067
5.95783
5.50677
5.05745
4.6099
4.16404
3.71989
3.27737
2.83652
2.39709
1.95949
1.5226
1.08958
0.658493
0.211401
61.9609
59.6254
57.5786
56.2938
55.05
53.6061
52.1101
50.7246
49.5144
48.4747
47.571
46.764
46.0222
45.3238
44.6556
44.0084
43.3761
42.7538
42.1378
41.5252
40.9145
40.3044
39.6947
39.0853
38.4767
37.8693
37.2636
36.6599
36.0587
35.4602
34.8647
34.2722
33.6829
33.0966
32.5135
31.9334
31.3564
30.7825
30.2115
29.6436
29.0787
28.5168
27.9578
27.4018
26.8488
26.2986
25.7514
25.207
24.6655
24.1269
23.5911
23.058
22.5277
22.0002
21.4754
20.9533
20.4339
19.9171
19.403
18.8914
18.3824
17.8758
17.3718
16.8702
16.371
15.8742
15.3798
14.8877
14.398
13.9105
13.4253
12.9424
12.4617
11.9831
11.5068
11.0325
10.5604
10.0904
9.62234
9.15636
8.69237
8.23034
7.77024
7.31205
6.85572
6.40122
5.94853
5.49762
5.04848
4.60108
4.1554
3.71143
3.2691
2.82845
2.38928
1.952
1.51546
1.08314
0.652545
0.208341
63.173
60.4464
57.9986
56.4884
55.1688
53.7088
52.2089
50.821
49.6106
48.5739
47.6758
46.8757
46.1401
45.4458
44.7786
44.1294
43.4922
42.8628
42.2383
41.6166
40.9965
40.3772
39.7586
39.141
38.5249
37.9107
37.299
36.6901
36.0843
35.4817
34.8827
34.287
33.6948
33.106
32.5207
31.9387
31.3599
30.7844
30.2122
29.643
29.0771
28.5142
27.9544
27.3977
26.844
26.2932
25.7455
25.2007
24.6588
24.1199
23.5837
23.0505
22.52
21.9923
21.4674
20.9452
20.4257
19.9088
19.3946
18.8831
18.374
17.8675
17.3635
16.862
16.3629
15.8663
15.372
14.8801
14.3905
13.9032
13.4182
12.9355
12.455
11.9767
11.5005
11.0266
10.5547
10.0849
9.61709
9.15137
8.68762
8.22586
7.76601
7.30809
6.85202
6.39781
5.94538
5.49478
5.04591
4.59881
4.1534
3.70973
3.2677
2.82736
2.38857
1.95144
1.51586
1.08188
0.650532
0.212646
68.3499
63.6154
59.7655
57.5384
55.691
53.7886
52.008
50.4878
49.2124
48.1165
47.1489
46.2799
45.4914
44.7692
44.0997
43.4699
42.8673
42.2817
41.7054
41.1327
40.5604
39.9864
39.41
38.831
38.2497
37.6667
37.0826
36.4979
35.9132
35.3292
34.7462
34.1647
33.585
33.0074
32.432
31.859
31.2884
30.7202
30.1547
29.5916
29.0313
28.4736
27.9186
27.3663
26.8168
26.2699
25.7257
25.1842
24.6454
24.1092
23.5757
23.0447
22.5163
21.9906
21.4674
20.9469
20.4289
19.9136
19.4008
18.8905
18.3826
17.8771
17.374
16.8732
16.3747
15.8786
15.3848
14.8933
14.404
13.9169
13.432
12.9493
12.4687
11.9903
11.514
11.0398
10.5677
10.0976
9.62958
9.16357
8.69953
8.23743
7.77723
7.3189
6.86239
6.40769
5.95473
5.50353
5.05406
4.60633
4.16032
3.71601
3.27334
2.83231
2.39283
1.95484
1.51861
1.08315
0.652342
0.21287
65.0867
62.2331
59.3946
57.4618
55.723
53.8939
52.1396
50.6093
49.3142
48.204
47.2291
46.3558
45.5625
44.8336
44.1559
43.517
42.906
42.3129
41.7304
41.1529
40.5769
40
39.4214
38.8407
38.2581
37.674
37.089
36.5036
35.9185
35.334
34.7507
34.1689
33.5891
33.0113
32.4358
31.8627
31.2921
30.7239
30.1583
29.5952
29.0347
28.477
27.9219
27.3695
26.8198
26.2729
25.7286
25.1871
24.6482
24.1119
23.5783
23.0473
22.5188
21.993
21.4697
20.9491
20.4311
19.9156
19.4028
18.8924
18.3845
17.879
17.3759
16.875
16.3765
15.8803
15.3865
14.8949
14.4055
13.9184
13.4335
12.9508
12.4702
11.9917
11.5154
11.0411
10.569
10.0989
9.63087
9.16482
8.70075
8.23863
7.77841
7.32007
6.86357
6.40886
5.95591
5.50469
5.05518
4.60742
4.16136
3.717
3.27432
2.83327
2.39377
1.9558
1.51942
1.08467
0.654498
0.210889
63.5242
61.9053
59.5908
57.5674
55.7619
53.9865
52.2982
50.7992
49.5103
48.3965
47.4141
46.53
45.7223
44.9757
44.2786
43.6204
42.9912
42.3824
41.7866
41.1983
40.6136
40.0299
39.4459
38.8608
38.2747
37.6877
37.1004
36.513
35.9261
35.3402
34.7557
34.1729
33.5922
33.0138
32.4378
31.8643
31.2933
30.7249
30.159
29.5957
29.0351
28.4772
27.922
27.3695
26.8198
26.2728
25.7285
25.1869
24.648
24.1118
23.5782
23.0472
22.5187
21.9929
21.4696
20.949
20.4309
19.9155
19.4027
18.8923
18.3845
17.879
17.3759
16.8751
16.3766
15.8804
15.3865
14.8949
14.4056
13.9185
13.4336
12.9509
12.4703
11.9919
11.5155
11.0413
10.5692
10.0991
9.63103
9.16498
8.70091
8.2388
7.7786
7.32029
6.86382
6.40915
5.95621
5.505
5.05548
4.60769
4.16159
3.71721
3.2745
2.83343
2.39389
1.95592
1.51951
1.0856
0.656329
0.206732
62.53
61.3216
59.2801
57.3005
55.5502
53.8952
52.3165
50.8792
49.6155
48.5104
47.5311
46.6475
45.8378
45.0869
44.3833
43.7173
43.08
42.4632
41.8601
41.2653
40.6748
40.0859
39.4971
38.9078
38.3177
37.7272
37.1364
36.5459
35.9562
35.3677
34.7808
34.1959
33.6133
33.0332
32.4557
31.8808
31.3086
30.7391
30.1722
29.6081
29.0467
28.488
27.9321
27.3791
26.8288
26.2812
25.7364
25.1944
24.6551
24.1185
23.5845
23.0531
22.5244
21.9983
21.4747
20.9538
20.4355
19.9198
19.4067
18.8962
18.3882
17.8826
17.3793
16.8784
16.3798
15.8834
15.3894
14.8977
14.4082
13.921
13.436
12.9532
12.4725
11.994
11.5177
11.0434
10.5712
10.1011
9.63295
9.16687
8.70276
8.24062
7.7804
7.32208
6.8656
6.41091
5.95795
5.5067
5.05715
4.6093
4.16315
3.71871
3.27594
2.83482
2.39522
1.95727
1.52084
1.08777
0.659165
0.204414
61.725
60.6364
58.8543
57.0645
55.4309
53.8799
52.3852
50.9938
49.745
48.6396
47.6551
46.7651
45.9484
45.1898
44.4778
43.8031
43.1571
42.5322
41.9219
41.3206
40.7245
40.1307
39.5377
38.9446
38.3512
37.7575
37.164
36.571
35.979
35.3884
34.7996
34.2131
33.629
33.0476
32.4689
31.8929
31.3197
30.7493
30.1817
29.6168
29.0547
28.4955
27.9391
27.3855
26.8348
26.2868
25.7416
25.1992
24.6595
24.1225
23.5882
23.0566
22.5276
22.0012
21.4774
20.9563
20.4378
19.9219
19.4086
18.8979
18.3898
17.884
17.3806
16.8795
16.3808
15.8843
15.3902
14.8983
14.4088
13.9215
13.4364
12.9535
12.4728
11.9943
11.5179
11.0436
10.5713
10.1012
9.63304
9.16692
8.7028
8.24063
7.7804
7.32205
6.86555
6.41083
5.95785
5.50657
5.057
4.60912
4.16296
3.71849
3.2757
2.83455
2.39488
1.95694
1.52025
1.08789
0.658473
0.202704
61.1039
60.095
58.503
56.8822
55.3465
53.863
52.4238
51.07
49.8407
48.7437
47.7632
46.8752
46.0588
45.2985
44.5831
43.9032
43.251
42.6193
42.002
41.3941
40.7917
40.1922
39.594
38.9962
38.3985
37.801
37.2041
36.6081
36.0134
35.4204
34.8295
34.241
33.6553
33.0722
32.4921
31.9148
31.3405
30.7689
30.2002
29.6344
29.0715
28.5114
27.9542
27.3998
26.8483
26.2996
25.7538
25.2107
24.6704
24.1329
23.5981
23.0659
22.5365
22.0096
21.4855
20.9639
20.4451
19.9289
19.4153
18.9043
18.3958
17.8898
17.3862
16.8849
16.3859
15.8893
15.395
14.9031
14.4134
13.926
13.4408
12.9579
12.4771
11.9986
11.5221
11.0478
10.5755
10.1053
9.63716
9.17103
8.70688
8.24471
7.78445
7.3261
6.86957
6.41484
5.96184
5.51059
5.06102
4.61319
4.16704
3.7226
3.27979
2.83863
2.39887
1.96092
1.52376
1.09207
0.660487
0.205403
60.6683
59.7135
58.2134
56.6766
55.1929
53.7459
52.3424
51.0237
49.825
48.754
47.7954
46.9257
46.1232
45.3722
44.6615
43.9824
43.3278
42.6915
42.0683
41.4537
40.8444
40.2381
39.6336
39.03
38.4272
37.8252
37.2245
36.6252
36.0279
35.4328
34.8403
34.2505
33.6636
33.0797
32.4989
31.921
31.346
30.774
30.2049
29.6387
29.0754
28.5149
27.9573
27.4026
26.8508
26.3017
25.7555
25.2121
24.6715
24.1336
23.5985
23.0661
22.5364
22.0093
21.4849
20.9632
20.4442
19.9278
19.414
18.9028
18.3941
17.8879
17.3841
16.8827
16.3836
15.8869
15.3926
14.9006
14.4108
13.9234
13.4382
12.9552
12.4744
11.9958
11.5194
11.045
10.5728
10.1026
9.63446
9.16833
8.70419
8.24203
7.78178
7.32342
6.86691
6.41221
5.95927
5.50807
5.0586
4.61086
4.16482
3.72046
3.27773
2.83663
2.39688
1.95899
1.52139
1.09056
0.656778
0.20506
60.408
59.5081
58.0978
56.6475
55.2169
53.7892
52.391
51.0777
49.8882
48.829
47.8832
47.0258
46.2338
45.49
44.7827
44.1035
43.4456
42.8035
42.1728
41.5495
40.9313
40.316
39.7028
39.0912
38.4811
37.8727
37.2663
36.6622
36.0608
35.4622
34.8667
34.2744
33.6854
33.0997
32.5172
31.9378
31.3615
30.7883
30.218
29.6508
29.0865
28.5251
27.9666
27.4111
26.8584
26.3086
25.7617
25.2176
24.6763
24.1378
23.6022
23.0692
22.5391
22.0116
21.4869
20.9648
20.4455
19.9287
19.4147
18.9032
18.3942
17.8878
17.3838
16.8822
16.383
15.8862
15.3917
14.8996
14.4098
13.9223
13.4371
12.9541
12.4733
11.9947
11.5182
11.0439
10.5717
10.1016
9.63346
9.16736
8.70328
8.24114
7.78095
7.32264
6.8662
6.41156
5.95874
5.50766
5.05835
4.61077
4.16491
3.72071
3.27816
2.83722
2.39761
1.95991
1.52214
1.09224
0.6571
0.205808
60.358
59.2266
57.7367
56.3925
55.0853
53.7224
52.3484
51.0452
49.8625
48.8098
47.8713
47.0219
46.2379
45.5015
44.7999
44.1244
43.4682
42.8261
42.194
41.5685
40.9475
40.3294
39.7134
39.0992
38.4869
37.8767
37.2689
36.6637
36.0615
35.4624
34.8665
34.2739
33.6847
33.0987
32.5159
31.9362
31.3596
30.786
30.2153
29.6476
29.0829
28.521
27.9621
27.406
26.8528
26.3025
25.7551
25.2105
24.6688
24.1299
23.5938
23.0605
22.53
22.0022
21.4772
20.9549
20.4353
19.9183
19.404
18.8923
18.3832
17.8765
17.3724
16.8707
16.3714
15.8745
15.3801
14.8879
14.3981
13.9106
13.4254
12.9425
12.4617
11.9832
11.5068
11.0326
10.5604
10.0904
9.62235
9.15639
8.69239
8.23039
7.77029
7.31212
6.85578
6.40132
5.94863
5.49776
5.04862
4.60125
4.15558
3.71163
3.26931
2.82869
2.38942
1.95223
1.51486
1.08574
0.651228
0.201248
61.5661
60.0508
58.1024
56.5173
55.1553
53.8002
52.4365
51.1359
49.9515
48.897
47.9583
47.1108
46.3297
45.596
44.8959
44.2201
43.5617
42.9156
42.2781
41.6464
41.0185
40.3934
39.7704
39.1495
38.5309
37.9149
37.3017
36.6918
36.0853
35.4823
34.883
34.2873
33.6951
33.1065
32.5213
31.9395
31.3609
30.7855
30.2133
29.6442
29.0782
28.5152
27.9552
27.3982
26.8443
26.2933
25.7453
25.2002
24.6581
24.1188
23.5825
23.049
22.5183
21.9904
21.4654
20.943
20.4235
19.9065
19.3923
18.8807
18.3717
17.8651
17.3612
16.8596
16.3606
15.8639
15.3697
14.8778
14.3883
13.901
13.4161
12.9334
12.453
11.9747
11.4986
11.0246
10.5528
10.0831
9.61538
9.14967
8.68601
8.22427
7.76451
7.3066
6.85062
6.39642
5.94408
5.49348
5.0447
4.59761
4.1523
3.70864
3.26672
2.82641
2.38774
1.95071
1.5152
1.08177
0.650522
0.209587
67.3474
63.0092
59.4568
57.3252
55.5565
53.745
52.0209
50.5198
49.2511
48.1651
47.2105
46.3527
45.5702
44.849
44.177
43.5426
42.9348
42.3443
41.7632
41.1862
40.6096
40.0314
39.451
38.8683
38.2835
37.6972
37.11
36.5226
35.9356
35.3494
34.7645
34.1814
33.6003
33.0213
32.4448
31.8706
31.2991
30.7301
30.1637
29.5999
29.0389
28.4806
27.9251
27.3723
26.8223
26.275
25.7304
25.1886
24.6494
24.1129
23.579
23.0478
22.5192
21.9932
21.4698
20.9491
20.431
19.9155
19.4026
18.8921
18.3841
17.8785
17.3753
16.8744
16.3759
15.8797
15.3858
14.8942
14.4048
13.9177
13.4327
12.95
12.4694
11.9909
11.5146
11.0403
10.5682
10.0981
9.63009
9.16405
8.69999
8.23789
7.77767
7.31933
6.8628
6.40808
5.9551
5.50388
5.05439
4.60666
4.16064
3.71632
3.27365
2.83261
2.39312
1.95513
1.51895
1.08353
0.65343
0.212293
64.0994
61.6488
59.0741
57.2054
55.5387
53.8195
52.148
50.6547
49.3721
48.2695
47.3031
46.4376
45.6492
44.9216
44.2421
43.5994
42.9835
42.3853
41.7977
41.2153
40.6344
40.0529
39.4697
38.8847
38.2981
37.7102
37.1217
36.5332
35.9451
35.358
34.7724
34.1887
33.6071
33.0278
32.4509
31.8766
31.3048
30.7357
30.1691
29.6052
29.0441
28.4856
27.9299
27.377
26.8268
26.2794
25.7347
25.1927
24.6535
24.1169
23.5829
23.0516
22.5229
21.9968
21.4733
20.9524
20.4342
19.9186
19.4056
18.8951
18.3871
17.8815
17.3782
16.8773
16.3786
15.8823
15.3884
14.8967
14.4073
13.9201
13.4351
12.9523
12.4717
11.9932
11.5168
11.0425
10.5703
10.1002
9.63214
9.16607
8.70197
8.23984
7.77961
7.32125
6.86473
6.41
5.95702
5.50576
5.05622
4.60842
4.16233
3.71795
3.27524
2.83418
2.39465
1.95672
1.52036
1.08596
0.656687
0.209867
62.5306
61.3225
59.2805
57.2993
55.5477
53.893
52.3155
50.8793
49.6162
48.5113
47.532
46.6482
45.8383
45.0872
44.3835
43.7174
43.08
42.4631
41.86
41.2652
40.6747
40.0858
39.4971
38.9078
38.3178
37.7272
37.1365
36.546
35.9563
35.3677
34.7808
34.1959
33.6133
33.0332
32.4557
31.8808
31.3086
30.7391
30.1722
29.6081
29.0467
28.488
27.9321
27.3791
26.8288
26.2812
25.7364
25.1944
24.6551
24.1184
23.5845
23.0531
22.5244
21.9982
21.4747
20.9537
20.4354
19.9198
19.4067
18.8962
18.3882
17.8826
17.3793
16.8784
16.3798
15.8834
15.3894
14.8977
14.4082
13.921
13.436
12.9532
12.4725
11.994
11.5176
11.0434
10.5712
10.101
9.63293
9.16685
8.70275
8.24062
7.7804
7.32209
6.8656
6.41092
5.95795
5.5067
5.05714
4.60929
4.16312
3.71868
3.27591
2.8348
2.3952
1.95727
1.52085
1.08778
0.659174
0.20442
61.536
60.7475
58.9906
57.037
55.3208
53.79
52.3436
50.9907
49.7645
48.669
47.686
46.7932
45.9721
45.209
44.4932
43.8156
43.1677
42.5417
41.9311
41.3301
40.7346
40.1416
39.5495
38.9571
38.3641
37.7707
37.1771
36.5838
35.9912
35.3999
34.8104
34.223
33.6381
33.0558
32.4764
31.8998
31.3261
30.7552
30.1872
29.622
29.0597
28.5002
27.9436
27.3899
26.839
26.2909
25.7457
25.2032
24.6635
24.1266
23.5923
23.0606
22.5316
22.0051
21.4813
20.9601
20.4415
19.9256
19.4123
18.9016
18.3934
17.8877
17.3843
16.8832
16.3844
15.8879
15.3937
14.9018
14.4122
13.9248
13.4396
12.9567
12.476
11.9974
11.5209
11.0465
10.5743
10.104
9.63588
9.16974
8.7056
8.24343
7.7832
7.32487
6.86839
6.41368
5.9607
5.5094
5.05978
4.61184
4.16558
3.72103
3.27816
2.83695
2.39724
1.95932
1.52278
1.09102
0.662272
0.201894
60.7296
60.0633
58.5701
56.8021
55.1952
53.7736
52.4277
51.1372
49.9344
48.8375
47.842
46.9329
46.0951
45.3162
44.5862
43.8959
43.2371
42.6021
41.9841
41.3773
40.7773
40.1808
39.5858
38.9909
38.3958
37.8003
37.2047
36.6094
36.0149
35.4217
34.8303
34.2411
33.6545
33.0707
32.4899
31.912
31.3372
30.7653
30.1964
29.6305
29.0675
28.5075
27.9504
27.3962
26.8449
26.2964
25.7508
25.2081
24.6681
24.1308
23.5963
23.0644
22.5352
22.0086
21.4845
20.9632
20.4444
19.9283
19.4148
18.904
18.3957
17.8898
17.3863
16.8851
16.3862
15.8896
15.3953
14.9032
14.4135
13.926
13.4407
12.9577
12.4769
11.9983
11.5217
11.0473
10.575
10.1048
9.63659
9.17044
8.70626
8.24409
7.78383
7.3255
6.86898
6.41426
5.96123
5.50992
5.06025
4.61227
4.16595
3.72136
3.2784
2.83713
2.39726
1.95933
1.52221
1.09154
0.660031
0.201289
60.1048
59.5193
58.2221
56.627
55.1162
53.7638
52.4816
51.2382
50.0596
48.9703
47.9733
47.0588
46.2138
45.4271
44.6889
43.9903
43.3236
42.681
42.0561
41.4431
40.8376
40.2361
39.6368
39.038
38.4395
37.8408
37.2424
36.6445
36.0476
35.4523
34.859
34.268
33.6799
33.0946
32.5124
31.9333
31.3573
30.7844
30.2145
29.6477
29.0839
28.5231
27.9652
27.4103
26.8583
26.3092
25.763
25.2196
24.6791
24.1413
23.6062
23.0739
22.5442
22.0172
21.4928
20.971
20.4519
19.9355
19.4217
18.9106
18.402
17.8958
17.3921
16.8907
16.3916
15.8948
15.4004
14.9082
14.4184
13.9308
13.4455
12.9624
12.4815
12.0028
11.5262
11.0518
10.5795
10.1092
9.64103
9.17485
8.71069
8.24849
7.78824
7.32987
6.87336
6.41862
5.96562
5.5143
5.06469
4.61673
4.17047
3.72587
3.28292
2.84159
2.40159
1.96356
1.52555
1.09594
0.659341
0.206102
59.6657
59.1366
57.9358
56.4252
54.9623
53.643
52.3983
51.1937
50.0497
48.9881
48.0133
47.1162
46.2845
45.5064
44.773
44.0752
43.4065
42.7592
42.1282
41.5077
40.8946
40.2852
39.6785
39.0727
38.468
37.8637
37.2607
36.6588
36.0589
35.461
34.8659
34.2735
33.6844
33.0984
32.5158
31.9362
31.3601
30.7869
30.217
29.65
29.0862
28.5253
27.9674
27.4123
26.8602
26.3108
25.7645
25.2208
24.68
24.1419
23.6067
23.074
22.5441
22.0169
21.4923
20.9703
20.4511
19.9345
19.4205
18.9092
18.4004
17.894
17.3901
16.8885
16.3894
15.8925
15.398
14.9058
14.4159
13.9283
13.443
12.9598
12.479
12.0002
11.5237
11.0493
10.577
10.1067
9.6385
9.17231
8.70816
8.24594
7.78569
7.3273
6.8708
6.41606
5.96312
5.51187
5.06236
4.61452
4.16838
3.72388
3.28101
2.83972
2.39964
1.96164
1.52282
1.09456
0.653347
0.207102
59.4021
58.9316
57.8264
56.4034
54.9929
53.6918
52.4518
51.2523
50.1167
49.0658
48.1025
47.2168
46.3953
45.6248
44.8959
44.1991
43.5282
42.8756
42.2373
41.6077
40.9847
40.3651
39.7483
39.1329
38.5194
37.9073
37.2976
36.6899
36.0854
35.4837
34.8856
34.2908
33.6999
33.1124
32.5287
31.9482
31.3712
30.7973
30.2268
29.6592
29.0949
28.5333
27.9749
27.4192
26.8665
26.3166
25.7696
25.2254
24.684
24.1454
23.6096
23.0766
22.5463
22.0186
21.4937
20.9715
20.452
19.9351
19.4209
18.9092
18.4002
17.8936
17.3895
16.8878
16.3885
15.8915
15.397
14.9047
14.4148
13.9272
13.4419
12.9588
12.4779
11.9993
11.5227
11.0484
10.5761
10.1059
9.63772
9.17158
8.70745
8.24527
7.78504
7.32671
6.87024
6.41558
5.96272
5.51162
5.06226
4.61461
4.16867
3.72438
3.28168
2.84058
2.40058
1.96278
1.52353
1.09668
0.653441
0.207058
59.3483
58.6475
57.4575
56.1457
54.8707
53.6396
52.4216
51.2278
50.094
49.0448
48.0847
47.2042
46.3897
45.6271
44.9057
44.2148
43.5479
42.8974
42.2592
41.6284
41.0031
40.3806
39.7607
39.1423
38.5261
37.9118
37.3003
36.6913
36.0859
35.4837
34.8855
34.2907
33.6999
33.1123
32.5287
31.9481
31.3711
30.797
30.2262
29.6582
29.0933
28.5312
27.9721
27.4157
26.8624
26.3117
25.7641
25.2191
24.6771
24.1378
23.6014
23.0677
22.537
22.0088
21.4835
20.9609
20.4411
19.9238
19.4094
18.8974
18.3881
17.8813
17.377
16.8751
16.3757
15.8787
15.3841
14.8918
14.4019
13.9143
13.429
12.9459
12.4651
11.9864
11.51
11.0356
10.5635
10.0933
9.62526
9.15916
8.69515
8.23304
7.77293
7.31466
6.85833
6.40377
5.95109
5.50013
5.05101
4.60356
4.15789
3.71385
3.27152
2.83081
2.3914
1.9543
1.51584
1.09006
0.649432
0.19847
60.547
59.441
57.7875
56.2645
54.967
53.7561
52.5455
51.3443
50.1966
49.1334
48.163
47.2771
46.4612
45.6995
44.9795
44.2893
43.6217
42.9687
42.3264
41.6902
41.0586
40.4294
39.8027
39.1776
38.5552
37.9353
37.3188
36.7056
36.0966
35.4912
34.8904
34.2932
33.7005
33.1112
32.526
31.9439
31.3656
30.7902
30.2184
29.6493
29.0835
28.5204
27.9606
27.4034
26.8494
26.2981
25.7499
25.2045
24.6621
24.1225
23.5859
23.0521
22.5212
21.9931
21.4678
20.9452
20.4254
19.9084
19.394
18.8822
18.3731
17.8665
17.3624
16.8608
16.3617
15.865
15.3707
14.8787
14.3891
13.9019
13.4168
12.9341
12.4536
11.9753
11.4991
11.0252
10.5533
10.0835
9.61575
9.15005
8.68632
8.22458
7.76475
7.30686
6.85081
6.39664
5.94424
5.49367
5.04483
4.59778
4.15242
3.70881
3.26687
2.82666
2.38799
1.95117
1.51566
1.0828
0.651377
0.207772
66.5513
62.3637
59.0675
57.1125
55.4505
53.7168
52.0412
50.5605
49.2998
48.2224
47.2797
46.4336
45.6596
44.9419
44.2689
43.6306
43.0174
42.4206
41.8332
41.2499
40.6675
40.0839
39.4984
38.9109
38.3217
37.7315
37.1408
36.5502
35.9604
35.3717
34.7847
34.1997
33.6169
33.0365
32.4587
31.8834
31.3108
30.7409
30.1736
29.6091
29.0474
28.4885
27.9324
27.3791
26.8286
26.2808
25.7358
25.1936
24.654
24.1172
23.583
23.0515
22.5226
21.9963
21.4727
20.9518
20.4335
19.9178
19.4046
18.894
18.3858
17.8801
17.3767
16.8757
16.377
15.8807
15.3866
14.8949
14.4055
13.9183
13.4333
12.9504
12.4698
11.9912
11.5148
11.0406
10.5684
10.0983
9.63019
9.16412
8.70003
8.23789
7.77764
7.31926
6.8627
6.40795
5.95494
5.5037
5.05419
4.60645
4.16041
3.71609
3.27341
2.83235
2.39283
1.95484
1.51864
1.08324
0.653338
0.211558
63.3023
60.9803
58.6579
56.9726
55.4209
53.794
52.1867
50.7231
49.4491
48.3492
47.3864
46.5253
45.74
45.0128
44.331
43.6841
43.0626
42.4584
41.8648
41.2765
40.6901
40.1035
39.5156
38.9261
38.3353
37.7437
37.1517
36.56
35.9691
35.3796
34.7918
34.2061
33.6228
33.042
32.4638
31.8883
31.3155
30.7454
30.178
29.6134
29.0515
28.4925
27.9362
27.3828
26.8322
26.2843
25.7392
25.1969
24.6573
24.1204
23.5861
23.0545
22.5256
21.9993
21.4756
20.9545
20.4361
19.9203
19.4072
18.8965
18.3884
17.8826
17.3792
16.8781
16.3794
15.883
15.3889
14.8972
14.4077
13.9204
13.4354
12.9525
12.4718
11.9933
11.5169
11.0426
10.5704
10.1002
9.63212
9.16603
8.70191
8.23977
7.77951
7.32114
6.86459
6.40984
5.95682
5.50554
5.05598
4.60817
4.16206
3.71768
3.27496
2.83389
2.39434
1.95643
1.51998
1.08584
0.656698
0.208713
61.7258
60.6371
58.8549
57.0628
55.4272
53.8766
52.3838
50.9945
49.7469
48.6419
47.6572
46.7668
45.9496
45.1905
44.4781
43.803
43.1569
42.5318
41.9214
41.3202
40.7241
40.1304
39.5375
38.9445
38.3512
37.7576
37.1641
36.5711
35.9791
35.3885
34.7998
34.2132
33.6291
33.0476
32.4689
31.8929
31.3197
30.7493
30.1817
29.6168
29.0548
28.4955
27.9391
27.3855
26.8347
26.2867
25.7416
25.1991
24.6595
24.1225
23.5882
23.0565
22.5275
22.0011
21.4773
20.9562
20.4377
19.9218
19.4086
18.8979
18.3897
17.884
17.3806
16.8795
16.3808
15.8843
15.3902
14.8983
14.4088
13.9215
13.4364
12.9535
12.4728
11.9943
11.5178
11.0435
10.5713
10.1011
9.63299
9.16689
8.70278
8.24063
7.78041
7.32208
6.86557
6.41085
5.95786
5.50656
5.05697
4.60908
4.16289
3.71842
3.27563
2.83449
2.39484
1.95693
1.52026
1.08792
0.658483
0.202708
60.7301
60.0637
58.5708
56.8013
55.1929
53.7713
52.4266
51.1376
49.9359
48.8396
47.8442
46.9348
46.0966
45.3172
44.5866
43.8958
43.2367
42.6014
41.9833
41.3764
40.7765
40.1801
39.5852
38.9905
38.3955
37.8001
37.2047
36.6094
36.015
35.4218
34.8304
34.2412
33.6547
33.0708
32.49
31.9121
31.3373
30.7654
30.1965
29.6305
29.0675
28.5075
27.9503
27.3961
26.8448
26.2964
25.7508
25.208
24.668
24.1308
23.5962
23.0644
22.5351
22.0085
21.4845
20.9631
20.4443
19.9283
19.4148
18.904
18.3957
17.8898
17.3863
16.8852
16.3863
15.8897
15.3953
14.9033
14.4135
13.926
13.4408
12.9578
12.4769
11.9982
11.5217
11.0473
10.575
10.1047
9.63654
9.1704
8.70624
8.24409
7.78384
7.32552
6.86901
6.41429
5.96126
5.50993
5.06024
4.61224
4.16591
3.72131
3.27835
2.83708
2.39723
1.95933
1.52223
1.09157
0.660031
0.201281
59.9236
59.3794
58.1469
56.5569
55.0537
53.748
52.5201
51.3102
50.141
49.0439
48.0297
47.0947
46.2302
45.4268
44.6757
43.9682
43.296
42.651
42.0259
41.4144
40.8115
40.2132
39.6171
39.0216
38.4258
37.8293
37.2326
36.6359
36.0397
35.4446
34.8513
34.2601
33.6715
33.0858
32.5032
31.9237
31.3475
30.7743
30.2044
29.6376
29.0738
28.5131
27.9555
27.4008
26.8492
26.3004
25.7546
25.2116
24.6714
24.134
23.5994
23.0674
22.538
22.0113
21.4872
20.9657
20.4468
19.9306
19.4171
18.9061
18.3978
17.8918
17.3883
16.887
16.3881
15.8913
15.3969
14.9047
14.4148
13.9272
13.4419
12.9588
12.4779
11.9991
11.5225
11.0481
10.5758
10.1055
9.6373
9.17113
8.707
8.24482
7.78461
7.32628
6.86979
6.41505
5.96203
5.51066
5.06096
4.61289
4.1665
3.72179
3.27875
2.83735
2.39728
1.95925
1.52109
1.09182
0.654397
0.202821
59.297
58.8335
57.7963
56.3776
54.97
53.7379
52.5853
51.434
50.2965
49.2075
48.1873
47.2392
46.3595
45.5408
44.7761
44.0563
43.3743
42.7206
42.089
41.4717
40.8646
40.2625
39.6637
39.0652
38.4672
37.8683
37.2696
36.6705
36.0725
35.4752
34.8801
34.2868
33.6967
33.1092
32.5252
31.9441
31.3667
30.7923
30.2214
29.6534
29.089
28.5274
27.9691
27.4137
26.8615
26.3121
25.7657
25.2221
24.6815
24.1436
23.6086
23.0761
22.5465
22.0194
21.495
20.9731
20.454
19.9375
19.4237
18.9125
18.4039
17.8977
17.394
16.8925
16.3934
15.8965
15.402
14.9097
14.4197
13.932
13.4466
12.9633
12.4824
12.0036
11.527
11.0525
10.5802
10.1099
9.64167
9.17549
8.71136
8.24918
7.78898
7.33064
6.87418
6.41944
5.96647
5.51513
5.06548
4.61745
4.17112
3.72642
3.28334
2.84187
2.40155
1.9634
1.52368
1.09589
0.649645
0.209896
58.8559
58.4503
57.5098
56.1749
54.8113
53.6119
52.4995
51.3931
50.2943
49.2351
48.2363
47.3036
46.4343
45.6223
44.8606
44.1413
43.4566
42.7987
42.1609
41.5369
40.922
40.3125
39.7058
39.1005
38.4957
37.8912
37.2873
36.6842
36.0826
35.4828
34.8854
34.2909
33.6995
33.1114
32.5268
31.9456
31.3678
30.7934
30.2224
29.6545
29.0899
28.5284
27.97
27.4146
26.8622
26.3126
25.766
25.2223
24.6814
24.1433
23.6079
23.0753
22.5454
22.0181
21.4935
20.9715
20.4522
19.9356
19.4216
18.9102
18.4013
17.895
17.391
16.8895
16.3903
15.8934
15.3988
14.9065
14.4165
13.9288
13.4433
12.9602
12.4792
12.0004
11.5238
11.0493
10.577
10.1067
9.63849
9.17233
8.70816
8.24598
7.78573
7.32741
6.87091
6.41623
5.96328
5.51205
5.0625
4.61464
4.16842
3.72385
3.28082
2.83939
2.39892
1.96077
1.51973
1.09399
0.640276
0.211642
58.5898
58.2436
57.4006
56.1555
54.8468
53.6674
52.5602
51.4593
50.3686
49.3192
48.3307
47.4083
46.5483
45.7437
44.9866
44.2687
43.582
42.919
42.2733
41.6396
41.0136
40.3924
39.7741
39.1578
38.5429
37.9296
37.318
36.7087
36.1021
35.4986
34.8984
34.302
33.7094
33.1206
32.5355
31.9541
31.3762
30.8018
30.2307
29.6628
29.098
28.5363
27.9776
27.4218
26.8689
26.3188
25.7717
25.2273
24.6858
24.1471
23.6112
23.078
22.5475
22.0198
21.4948
20.9725
20.4529
19.9359
19.4217
18.91
18.4009
17.8943
17.3901
16.8884
16.3891
15.8921
15.3975
14.9053
14.4153
13.9277
13.4423
12.9592
12.4783
11.9996
11.5231
11.0487
10.5764
10.1062
9.63803
9.17191
8.70779
8.24565
7.78544
7.32715
6.87071
6.41611
5.96328
5.51221
5.06286
4.61522
4.16925
3.72492
3.28211
2.84087
2.40048
1.96249
1.52071
1.09707
0.640306
0.211262
58.5337
57.9563
57.0187
55.8835
54.7209
53.6186
52.5336
51.4347
50.3423
49.292
48.3053
47.3886
46.5374
45.7439
44.9975
44.2889
43.6086
42.9492
42.304
41.6684
41.0387
40.4127
39.7891
39.1675
38.5478
37.9305
37.3157
36.7043
36.0963
35.4923
34.8923
34.2964
33.7046
33.1168
32.5327
31.9522
31.3752
30.8014
30.2306
29.6629
29.0981
28.5362
27.977
27.4206
26.867
26.3162
25.7681
25.2229
24.6805
24.1409
23.604
23.07
22.5388
22.0104
21.4848
20.9619
20.4418
19.9243
19.4096
18.8975
18.3881
17.8811
17.3767
16.8748
16.3753
15.8782
15.3836
14.8913
14.4013
13.9136
13.4283
12.9452
12.4643
11.9856
11.5092
11.0348
10.5626
10.0924
9.6244
9.1583
8.69429
8.23216
7.77207
7.31379
6.85748
6.40291
5.95027
5.49931
5.05022
4.60276
4.15712
3.71307
3.27075
2.83002
2.39048
1.95352
1.51314
1.09121
0.640127
0.197523
59.728
58.7508
57.3509
56.0153
54.8418
53.7595
52.6702
51.5491
50.4296
49.3558
48.3536
47.431
46.5808
45.7936
45.0543
44.3529
43.6765
43.0189
42.3716
41.7321
41.0955
40.4622
39.8298
39.2001
38.572
37.9477
37.3262
36.7097
36.097
35.4899
34.8868
34.2892
33.6955
33.1068
32.5214
31.9405
31.3625
30.7885
30.2169
29.649
29.0835
28.5212
27.9614
27.4047
26.8505
26.2994
25.7508
25.2053
24.6625
24.1228
23.5857
23.0517
22.5203
21.992
21.4664
20.9437
20.4237
19.9066
19.3921
18.8803
18.3711
17.8645
17.3605
16.859
16.3598
15.8632
15.3689
14.8771
14.3875
13.9003
13.4153
12.9327
12.4522
11.9739
11.4978
11.0239
10.552
10.0822
9.6145
9.14882
8.6851
8.22339
7.76357
7.3057
6.84966
6.39551
5.94313
5.49258
5.04376
4.59673
4.1514
3.70784
3.26596
2.82585
2.38731
1.95074
1.51517
1.083
0.650751
0.206004
65.9398
61.8486
58.7338
56.9292
55.3573
53.6811
52.0451
50.5893
49.345
48.2821
47.3546
46.5227
45.7594
45.0477
44.3763
43.7357
43.1175
42.5144
41.92
41.3298
40.7407
40.1508
39.5595
38.9667
38.3726
37.778
37.1832
36.5891
35.996
35.4046
34.8151
34.2278
33.6431
33.0609
32.4815
31.9048
31.3308
30.7597
30.1914
29.6259
29.0632
28.5035
27.9465
27.3925
26.8413
26.2928
25.7472
25.2044
24.6643
24.1269
23.5922
23.0602
22.5309
22.0043
21.4803
20.9591
20.4404
19.9244
19.411
18.9002
18.3917
17.8858
17.3822
16.8809
16.3821
15.8856
15.3914
14.8996
14.41
13.9227
13.4376
12.9547
12.4739
11.9954
11.5189
11.0446
10.5723
10.1022
9.63407
9.16797
8.70385
8.24167
7.78139
7.32298
6.86639
6.41161
5.95859
5.50734
5.05783
4.61008
4.16404
3.71971
3.27702
2.83595
2.3964
1.95839
1.52207
1.08665
0.6563
0.21356
62.6894
60.4532
58.3139
56.7872
55.3301
53.7655
52.2037
50.7687
49.5106
48.4218
47.4695
46.6183
45.8406
45.1178
44.4368
43.7875
43.1615
42.5514
41.9512
41.3563
40.7635
40.1708
39.5773
38.9826
38.3871
37.7911
37.1952
36.6
36.006
35.4136
34.8234
34.2354
33.6501
33.0675
32.4877
31.9107
31.3365
30.7652
30.1966
29.6309
29.0681
28.5081
27.951
27.3968
26.8454
26.2968
25.751
25.208
24.6678
24.1304
23.5956
23.0635
22.5341
22.0074
21.4833
20.9619
20.4432
19.9272
19.4137
18.9028
18.3944
17.8884
17.3848
16.8835
16.3846
15.8881
15.3938
14.9019
14.4123
13.925
13.4399
12.9569
12.4762
11.9976
11.5211
11.0468
10.5745
10.1043
9.6362
9.17008
8.70595
8.24377
7.7835
7.32509
6.86852
6.41374
5.9607
5.50941
5.05986
4.61204
4.16594
3.72156
3.27883
2.83775
2.39817
1.96025
1.52358
1.08965
0.65981
0.210894
61.1045
60.0955
58.5041
56.8811
55.343
53.8595
52.4222
51.0706
49.8427
48.7464
47.7657
46.8772
46.0603
45.2994
44.5834
43.903
43.2505
42.6185
42.0012
41.3932
40.791
40.1916
39.5936
38.9959
38.3984
37.801
37.2042
36.6082
36.0135
35.4206
34.8297
34.2412
33.6555
33.0724
32.4922
31.9149
31.3406
30.769
30.2004
29.6345
29.0716
28.5115
27.9542
27.3998
26.8483
26.2996
25.7538
25.2107
24.6704
24.1328
23.598
23.0658
22.5363
22.0095
21.4853
20.9638
20.4449
19.9288
19.4152
18.9042
18.3958
17.8898
17.3862
16.8849
16.386
15.8894
15.3951
14.9031
14.4134
13.926
13.4408
12.9579
12.4771
11.9985
11.522
11.0477
10.5754
10.1052
9.63709
9.17099
8.70687
8.24472
7.78449
7.32614
6.86961
6.41488
5.96187
5.51058
5.061
4.61313
4.16696
3.7225
3.2797
2.83856
2.39883
1.96092
1.5238
1.09212
0.660493
0.205401
60.1053
59.5201
58.2235
56.6261
55.1126
53.7597
52.4793
51.2384
50.062
48.974
47.9773
47.0623
46.2166
45.4288
44.6895
43.99
43.3225
42.6794
42.0542
41.4411
40.8356
40.2345
39.6354
39.0371
38.4388
37.8405
37.2423
36.6446
36.0479
35.4527
34.8595
34.2685
33.6804
33.095
32.5128
31.9336
31.3576
30.7846
30.2147
29.6479
29.084
28.5231
27.9652
27.4103
26.8583
26.3092
25.7629
25.2195
24.679
24.1412
23.6061
23.0737
22.544
22.017
21.4926
20.9708
20.4518
19.9354
19.4216
18.9105
18.4019
17.8958
17.3921
16.8908
16.3917
15.8949
15.4005
14.9083
14.4184
13.9308
13.4455
12.9624
12.4815
12.0027
11.5262
11.0517
10.5794
10.1091
9.64094
9.17479
8.71066
8.24849
7.78827
7.32993
6.87343
6.41869
5.96568
5.51434
5.06468
4.61669
4.17039
3.72577
3.28282
2.8415
2.40153
1.96356
1.5256
1.09598
0.659316
0.206065
59.2973
58.8341
57.7971
56.3769
54.9676
53.7351
52.5837
51.4341
50.2982
49.2102
48.1903
47.2419
46.3616
45.542
44.7765
44.0559
43.3732
42.719
42.0872
41.4699
40.8629
40.261
39.6625
39.0643
38.4666
37.8681
37.2696
36.6707
36.0729
35.4757
34.8806
34.2874
33.6973
33.1097
32.5257
31.9446
31.3671
30.7926
30.2217
29.6537
29.0892
28.5275
27.9692
27.4137
26.8615
26.312
25.7657
25.2221
24.6814
24.1435
23.6084
23.076
22.5463
22.0192
21.4948
20.973
20.4539
19.9374
19.4236
18.9124
18.4038
17.8977
17.394
16.8925
16.3935
15.8966
15.402
14.9097
14.4197
13.932
13.4466
12.9633
12.4824
12.0036
11.5269
11.0524
10.5801
10.1098
9.64162
9.17546
8.71135
8.24919
7.78902
7.3307
6.87425
6.41952
5.96653
5.51517
5.0655
4.61744
4.17108
3.72635
3.28328
2.84181
2.40152
1.9634
1.5237
1.09589
0.649603
0.209853
58.6688
58.2858
57.4424
56.1939
54.8802
53.7281
52.6617
51.5829
50.4857
49.4073
48.3771
47.4086
46.5042
45.6617
44.8754
44.1384
43.4421
42.7785
42.139
41.5172
40.9065
40.3028
39.7023
39.1034
38.5042
37.9048
37.3046
36.7046
36.1047
35.5061
34.9089
34.3141
33.7217
33.1326
32.5465
31.964
31.3847
30.809
30.2366
29.6677
29.102
28.5396
27.9803
27.4243
26.8713
26.3214
25.7744
25.2305
24.6893
24.1512
23.6157
23.0831
22.5531
22.0258
21.5012
20.9793
20.4599
19.9434
19.4294
18.9181
18.4093
17.9031
17.3992
16.8977
16.3985
15.9016
15.407
14.9146
14.4245
13.9368
13.4512
12.968
12.4869
12.0081
11.5314
11.0569
10.5845
10.1142
9.64596
9.17982
8.71568
8.25356
7.79335
7.33508
6.87861
6.42394
5.97096
5.51969
5.07002
4.62204
4.17566
3.73097
3.28779
2.84624
2.4056
1.96729
1.52536
1.09971
0.64098
0.218004
58.2257
57.9005
57.1554
55.9905
54.7204
53.6008
52.5792
51.5509
50.4974
49.4504
48.4405
47.4839
46.5859
45.7459
44.9597
44.2205
43.5207
42.852
42.2069
41.5784
40.9609
40.35
39.7428
39.1371
38.5321
37.9272
37.3226
36.7185
36.1156
35.5143
34.9153
34.319
33.7258
33.1358
32.5494
31.9665
31.3871
30.8112
30.2387
29.6696
29.1038
28.5412
27.9818
27.4255
26.8722
26.322
25.7747
25.2304
24.6889
24.1504
23.6146
23.0816
22.5514
22.0239
21.499
20.9769
20.4575
19.9407
19.4266
18.9151
18.4062
17.8998
17.3958
16.8942
16.395
15.898
15.4034
14.9111
14.421
13.9333
13.4478
12.9645
12.4835
12.0047
11.528
11.0535
10.5811
10.1108
9.64259
9.17641
8.71225
8.25008
7.78986
7.33155
6.87508
6.42042
5.9675
5.51631
5.06678
4.61892
4.17268
3.72808
3.28494
2.8434
2.40254
1.96423
1.52051
1.09778
0.629111
0.21993
57.9571
57.6911
57.0454
55.9742
54.7622
53.6638
52.648
51.6252
50.5797
49.5418
48.5409
47.593
46.7029
45.8692
45.0868
44.3484
43.6461
42.9716
42.3178
41.6783
41.0484
40.4244
39.8042
39.1862
38.57
37.9553
37.3426
36.732
36.1243
35.5197
34.9187
34.3213
33.7279
33.1383
32.5526
31.9705
31.3921
30.8171
30.2455
29.677
29.1117
28.5494
27.9901
27.4336
26.8801
26.3294
25.7817
25.2367
24.6946
24.1553
23.6189
23.0852
22.5544
22.0263
21.501
20.9784
20.4585
19.9413
19.4269
18.9151
18.4059
17.8991
17.395
16.8932
16.3939
15.8969
15.4023
14.9099
14.42
13.9323
13.4469
12.9637
12.4828
12.0041
11.5276
11.0531
10.5808
10.1106
9.64247
9.17631
8.71223
8.25006
7.7899
7.33158
6.87521
6.42058
5.96784
5.51677
5.06749
4.61982
4.17388
3.72947
3.28658
2.84519
2.40439
1.96617
1.52133
1.10154
0.627835
0.219482
57.8996
57.4013
56.654
55.6919
54.635
53.6209
52.628
51.6048
50.5546
49.5135
48.5139
47.573
46.6946
45.8758
45.1082
44.3829
43.6896
43.0202
42.3668
41.7243
41.0882
40.4566
39.8274
39.2008
38.5761
37.9545
37.3359
36.7213
36.1107
35.5049
34.9034
34.3069
33.7146
33.1269
32.5429
31.963
31.3862
30.8131
30.2427
29.6754
29.1107
28.549
27.9896
27.4332
26.8792
26.3281
25.7794
25.2338
24.6907
24.1505
23.613
23.0785
22.5467
22.0179
21.4917
20.9685
20.4479
19.9302
19.4152
18.9029
18.3932
17.8862
17.3816
16.8797
16.38
15.883
15.3882
14.8959
14.4058
13.9182
13.4327
12.9497
12.4687
11.9901
11.5135
11.0393
10.5669
10.0968
9.62862
9.16266
8.69847
8.2365
7.77623
7.31812
6.86164
6.40726
5.95446
5.5037
5.05445
4.6072
4.1614
3.71756
3.27503
2.83456
2.39462
1.95808
1.51495
1.09808
0.632057
0.202299
59.0912
58.1973
56.9849
55.8195
54.7579
53.7657
52.7618
51.7043
50.6153
49.5422
48.5237
47.5771
46.7054
45.8997
45.149
44.4388
43.7582
43.0959
42.4455
41.8006
41.1591
40.5186
39.8796
39.2418
38.6069
37.9749
37.3477
36.7251
36.1085
35.4973
34.8924
34.2927
33.6987
33.1093
32.5248
31.944
31.3673
30.7937
30.2235
29.6559
29.0914
28.5293
27.97
27.4132
26.8591
26.3076
25.7589
25.2128
24.6697
24.1292
23.5918
23.0571
22.5254
21.9965
21.4706
20.9475
20.4272
19.9097
19.3951
18.8831
18.3739
17.8672
17.3631
16.8616
16.3625
15.8659
15.3717
14.8798
14.3904
13.9031
13.4182
12.9356
12.4551
11.9769
11.5008
11.0269
10.555
10.0853
9.61759
9.15191
8.68823
8.22651
7.76673
7.30886
6.85286
6.39871
5.94638
5.49583
5.04706
4.60005
4.15477
3.71125
3.26945
2.82947
2.3911
1.95476
1.5192
1.08748
0.654206
0.20796
65.5093
61.4807
58.4612
56.7411
55.2266
53.5892
51.9852
50.5576
49.3383
48.2979
47.3904
46.5753
45.8244
45.1203
44.4519
43.8108
43.1896
42.5818
41.982
41.3861
40.7914
40.1961
39.5998
39.0023
38.404
37.8055
37.2074
36.6103
36.0146
35.4209
34.8295
34.2406
33.6545
33.0711
32.4905
31.9128
31.3381
30.7662
30.1972
29.6311
29.0679
28.5076
27.9502
27.3956
26.844
26.2951
25.7491
25.2059
24.6655
24.1278
23.5929
23.0607
22.5311
22.0043
21.4801
20.9586
20.4398
19.9236
19.4101
18.899
18.3904
17.8843
17.3806
16.8793
16.3803
15.8837
15.3895
14.8976
14.408
13.9206
13.4354
12.9525
12.4717
11.9931
11.5167
11.0424
10.5701
10.1
9.63189
9.16581
8.7017
8.23954
7.77928
7.3209
6.86435
6.40961
5.95664
5.50545
5.05601
4.60833
4.16237
3.71811
3.27549
2.83449
2.395
1.95707
1.52071
1.08543
0.654781
0.212983
62.2595
60.0801
58.0309
56.5869
55.1853
53.6589
52.1304
50.726
49.495
48.4303
47.4994
46.6662
45.9024
45.1884
44.5115
43.8624
43.2337
42.6188
42.0129
41.4118
40.8128
40.2141
39.6151
39.0154
38.4154
37.8155
37.2163
36.6182
36.0218
35.4274
34.8355
34.2461
33.6596
33.076
32.4953
31.9174
31.3425
30.7705
30.2014
29.6351
29.0718
28.5113
27.9538
27.3991
26.8473
26.2983
25.7522
25.2088
24.6683
24.1305
23.5954
23.0631
22.5335
22.0065
21.4823
20.9607
20.4418
19.9256
19.4119
18.9009
18.3923
17.8862
17.3825
16.8811
16.3821
15.8855
15.3912
14.8993
14.4096
13.9222
13.4371
12.9541
12.4733
11.9947
11.5183
11.0439
10.5717
10.1016
9.63344
9.16736
8.70325
8.2411
7.78085
7.32248
6.86593
6.4112
5.95822
5.507
5.05752
4.6098
4.16379
3.71949
3.27683
2.83584
2.39629
1.95848
1.52162
1.08807
0.657534
0.210154
60.6683
59.7134
58.2137
56.6755
55.1902
53.7433
52.3414
51.0245
49.8271
48.7566
47.7978
46.9274
46.1244
45.3728
44.6615
43.982
43.3271
42.6907
42.0674
41.4529
40.8437
40.2376
39.6333
39.0298
38.4271
37.8253
37.2246
36.6254
36.0281
35.433
34.8405
34.2507
33.6639
33.08
32.4991
31.9212
31.3463
30.7743
30.2052
29.639
29.0756
28.5152
27.9576
27.4028
26.8509
26.3018
25.7556
25.2121
24.6715
24.1336
23.5984
23.0659
22.5362
22.0091
21.4847
20.963
20.4439
19.9276
19.4138
18.9026
18.394
17.8878
17.3841
16.8827
16.3837
15.887
15.3926
14.9006
14.4108
13.9234
13.4382
12.9552
12.4744
11.9957
11.5193
11.0449
10.5727
10.1025
9.63436
9.16827
8.70417
8.24204
7.78181
7.32347
6.86696
6.41225
5.95928
5.50806
5.05856
4.61078
4.16471
3.72034
3.27762
2.83654
2.39682
1.95897
1.52141
1.09059
0.656775
0.205063
59.6658
59.1368
57.9366
56.4242
54.9589
53.6393
52.3965
51.1946
50.0527
48.9923
48.0176
47.1198
46.287
45.5077
44.773
44.0743
43.4047
42.7569
42.1257
41.5053
40.8924
40.2834
39.6771
39.0718
38.4675
37.8636
37.2609
36.6592
36.0595
35.4617
34.8667
34.2743
33.6852
33.0991
32.5165
31.9369
31.3607
30.7874
30.2175
29.6504
29.0866
28.5255
27.9675
27.4123
26.8602
26.3108
25.7644
25.2207
24.6799
24.1417
23.6064
23.0738
22.5439
22.0166
21.492
20.9701
20.4509
19.9343
19.4203
18.909
18.4003
17.894
17.3901
16.8886
16.3895
15.8926
15.3981
14.9059
14.416
13.9283
13.443
12.9598
12.4789
12.0001
11.5236
11.0491
10.5768
10.1065
9.63839
9.17223
8.70812
8.24595
7.78574
7.32739
6.87091
6.41617
5.96321
5.51192
5.06236
4.61446
4.16828
3.72376
3.28088
2.8396
2.39957
1.96162
1.52284
1.09458
0.653315
0.207073
58.8559
58.4505
57.5105
56.1738
54.808
53.6083
52.4977
51.394
50.2975
49.2395
48.2409
47.3076
46.437
45.6236
44.8604
44.1399
43.4543
42.7958
42.1578
41.5338
40.9192
40.3102
39.7041
39.0993
38.4951
37.8911
37.2876
36.6849
36.0835
35.4839
34.8866
34.2921
33.7007
33.1125
32.5278
31.9465
31.3687
30.7942
30.223
29.6551
29.0903
28.5287
27.9702
27.4147
26.8622
26.3126
25.7659
25.2221
24.6812
24.143
23.6076
23.075
22.545
22.0177
21.4931
20.9712
20.4519
19.9353
19.4213
18.91
18.4012
17.8949
17.3911
16.8896
16.3904
15.8935
15.3989
14.9066
14.4165
13.9288
13.4433
12.9601
12.4791
12.0003
11.5237
11.0492
10.5768
10.1066
9.63839
9.17226
8.70815
8.24602
7.78583
7.32754
6.87107
6.41639
5.96342
5.51216
5.06256
4.61463
4.16836
3.72376
3.28072
2.8393
2.39887
1.96077
1.51975
1.094
0.640228
0.211595
58.2256
57.9005
57.1557
55.9897
54.7186
53.5989
52.5784
51.5517
50.4995
49.4533
48.4434
47.4864
46.5876
45.7466
44.9594
44.2194
43.5191
42.8501
42.2049
41.5763
40.9591
40.3485
39.7417
39.1364
38.5318
37.9272
37.3228
36.719
36.1162
35.515
34.9161
34.3198
33.7266
33.1366
32.5501
31.9671
31.3877
30.8117
30.2392
29.67
29.1041
28.5414
27.982
27.4256
26.8723
26.322
25.7747
25.2303
24.6888
24.1502
23.6144
23.0814
22.5512
22.0236
21.4988
20.9767
20.4573
19.9405
19.4264
18.915
18.4061
17.8997
17.3958
16.8942
16.395
15.8981
15.4035
14.9111
14.421
13.9333
13.4478
12.9645
12.4834
12.0046
11.5279
11.0534
10.581
10.1107
9.64252
9.17637
8.71225
8.25012
7.78992
7.33164
6.87519
6.42054
5.96761
5.51639
5.06683
4.61893
4.17267
3.72804
3.28489
2.84336
2.40252
1.96423
1.52053
1.09778
0.629092
0.219909
57.7807
57.5145
56.8697
55.7894
54.5592
53.4698
52.4948
51.5222
50.5177
49.5054
48.5163
47.57
46.6753
45.8345
45.0451
44.3014
43.5963
42.9216
42.2699
41.6345
41.0101
40.3922
39.7783
39.1663
38.5555
37.9454
37.3364
36.7286
36.1227
35.5192
34.9185
34.3211
33.7271
33.1368
32.5502
31.9672
31.3879
30.812
30.2397
29.6706
29.1048
28.542
27.9825
27.4259
26.8724
26.3217
25.7741
25.2293
24.6875
24.1485
23.6124
23.079
22.5485
22.0206
21.4956
20.9733
20.4537
19.9368
19.4226
18.9109
18.402
17.8955
17.3915
16.8898
16.3906
15.8937
15.3991
14.9068
14.4168
13.929
13.4435
12.9603
12.4793
12.0004
11.5238
11.0492
10.5769
10.1065
9.63832
9.17209
8.70795
8.24574
7.78553
7.32718
6.87074
6.41607
5.96323
5.51206
5.06265
4.61484
4.16872
3.72414
3.28104
2.83948
2.39841
1.96016
1.51423
1.09564
0.614834
0.221461
57.5103
57.3034
56.7601
55.7773
54.6066
53.5374
52.5668
51.5991
50.6029
49.6002
48.6206
47.6834
46.7971
45.9634
45.1789
44.4372
43.7303
43.0505
42.3901
41.7434
41.1055
40.4733
39.8446
39.2186
38.5947
37.9733
37.3546
36.7392
36.1274
35.5199
34.9167
34.318
33.7237
33.1339
32.5482
31.9666
31.3886
30.8142
30.2431
29.6751
29.1102
28.5482
27.9889
27.4326
26.879
26.3282
25.7802
25.235
24.6926
24.153
23.6162
23.0823
22.5512
22.0229
21.4973
20.9746
20.4546
19.9374
19.4228
18.9109
18.4017
17.895
17.3908
16.8891
16.3898
15.8928
15.3983
14.906
14.4161
13.9285
13.4431
12.96
12.4791
12.0004
11.5239
11.0495
10.5772
10.107
9.63885
9.17272
8.7086
8.24646
7.78626
7.32798
6.87158
6.41703
5.96428
5.51331
5.06407
4.61652
4.17059
3.72627
3.28334
2.842
2.40083
1.96274
1.515
1.1006
0.61196
0.221598
57.4521
57.0134
56.3643
55.4904
54.4831
53.5046
52.5573
51.5852
50.5777
49.5647
48.5803
47.6458
46.7697
45.9514
45.1841
44.4586
43.7647
43.0934
42.4368
41.7894
41.1471
40.5079
39.8708
39.2357
38.6031
37.9739
37.3487
36.7284
36.1133
35.5039
34.9002
34.302
33.7091
33.1211
32.5375
31.9581
31.3823
30.8099
30.2404
29.6738
29.1098
28.5484
27.9894
27.433
26.8791
26.3277
25.7789
25.2329
24.6895
24.1489
23.6111
23.0761
22.544
22.0148
21.4884
20.9649
20.4442
19.9263
19.4112
18.8988
18.3891
17.882
17.3774
16.8754
16.3759
15.8789
15.3842
14.8919
14.4019
13.9143
13.4289
12.9458
12.4649
11.9862
11.5097
11.0354
10.5631
10.0929
9.62481
9.15873
8.69465
8.23254
7.77237
7.31413
6.85777
6.40328
5.95062
5.49977
5.05069
4.60337
4.15775
3.71384
3.2715
2.83104
2.39111
1.95484
1.50919
1.09826
0.617849
0.201406
58.6395
57.8025
56.6899
55.6227
54.6308
53.6942
52.745
51.7359
50.6789
49.6196
48.6013
47.649
46.77
45.9594
45.2057
44.4951
43.8142
43.1518
42.4995
41.8516
41.205
40.5584
39.9119
39.2666
38.6237
37.9847
37.3509
36.7233
36.1023
35.4883
34.8812
34.2808
33.6865
33.0978
32.5141
31.9348
31.3593
30.7873
30.2183
29.6521
29.0885
28.5273
27.9686
27.4122
26.8582
26.3068
25.7579
25.2116
24.6681
24.1274
23.5895
23.0544
22.5223
21.9932
21.4669
20.9436
20.4231
19.9055
19.3907
18.8787
18.3694
17.8628
17.3588
16.8573
16.3583
15.8617
15.3676
14.8759
14.3865
13.8993
13.4145
12.9318
12.4515
11.9732
11.4972
11.0233
10.5515
10.0817
9.61408
9.1484
8.68476
8.22305
7.76332
7.30545
6.84951
6.39537
5.94311
5.49259
5.0439
4.59692
4.15175
3.70829
3.26663
2.82684
2.38868
1.95267
1.51697
1.08592
0.651827
0.206521
65.2517
61.2756
58.3276
56.6809
55.2184
53.6055
52.0126
50.5961
49.3913
48.3674
47.4762
46.6749
45.9342
45.2361
44.5695
43.9267
43.3012
42.6873
42.0803
41.4769
40.8745
40.2718
39.6684
39.0644
38.4601
37.8562
37.2531
36.6516
36.052
35.4547
34.8602
34.2684
33.6797
33.094
32.5113
31.9317
31.3552
30.7817
30.2113
29.6438
29.0794
28.518
27.9595
27.404
26.8514
26.3017
25.755
25.211
24.6699
24.1316
23.5961
23.0634
22.5334
22.0061
21.4816
20.9597
20.4406
19.9241
19.4102
18.8989
18.3901
17.8838
17.3798
16.8784
16.3793
15.8826
15.3882
14.8962
14.4065
13.919
13.4338
12.9509
12.4701
11.9915
11.5151
11.0408
10.5686
10.0985
9.6304
9.16436
8.70031
8.23822
7.77803
7.31972
6.86325
6.40861
5.95577
5.50471
5.05541
4.60788
4.16206
3.71795
3.27549
2.83467
2.39535
1.95766
1.52141
1.08646
0.655557
0.213887
62.0035
59.8776
57.9093
56.5455
55.197
53.6919
52.1702
50.7726
49.5528
48.5024
47.5867
46.7676
46.0149
45.308
44.6339
43.9838
43.3509
42.7297
42.1161
41.5065
40.899
40.2921
39.6852
39.0784
38.4719
37.8662
37.2618
36.6593
36.059
35.4612
34.8662
34.2742
33.6854
33.0995
32.5169
31.9372
31.3607
30.7871
30.2166
29.649
29.0844
28.5228
27.9642
27.4084
26.8557
26.3058
25.7588
25.2147
24.6734
24.135
23.5993
23.0665
22.5363
22.009
21.4843
20.9624
20.4432
19.9266
19.4127
18.9013
18.3925
17.8861
17.3822
16.8807
16.3816
15.8848
15.3904
14.8984
14.4087
13.9212
13.436
12.953
12.4722
11.9936
11.5172
11.0428
10.5706
10.1005
9.63245
9.16641
8.70235
8.24026
7.78007
7.32177
6.8653
6.41065
5.95778
5.5067
5.05736
4.60979
4.16392
3.71978
3.27728
2.83646
2.39706
1.95948
1.52262
1.0896
0.65849
0.211406
60.4074
59.5074
58.0972
56.6464
55.2151
53.7877
52.3906
51.0785
49.8897
48.8307
47.8847
47.0269
46.2345
45.4904
44.7829
44.1035
43.4455
42.8034
42.1727
41.5495
40.9312
40.316
39.7029
39.0912
38.4811
37.8726
37.2662
36.6621
36.0607
35.4621
34.8667
34.2744
33.6855
33.0998
32.5174
31.9381
31.3619
30.7887
30.2185
29.6513
29.087
28.5256
27.9671
27.4114
26.8587
26.3088
25.7619
25.2177
24.6763
24.1378
23.6021
23.0691
22.5389
22.0114
21.4866
20.9645
20.4452
19.9285
19.4145
18.903
18.3941
17.8877
17.3837
16.8822
16.383
15.8862
15.3918
14.8996
14.4098
13.9223
13.437
12.954
12.4732
11.9946
11.5181
11.0438
10.5716
10.1014
9.63336
9.1673
8.70325
8.24115
7.78098
7.32268
6.86624
6.41159
5.95873
5.50762
5.05828
4.61066
4.16478
3.72058
3.27804
2.83713
2.39756
1.95989
1.52215
1.09226
0.657088
0.20581
59.4016
58.9309
57.8261
56.4023
54.9907
53.6897
52.4512
51.2536
50.1194
49.0691
48.1056
47.2192
46.3967
45.6253
44.8955
44.1981
43.5267
42.874
42.2356
41.6063
40.9835
40.3642
39.7477
39.1326
38.5194
37.9075
37.2978
36.6903
36.0858
35.4841
34.8861
34.2913
33.7005
33.1129
32.5292
31.9487
31.3718
30.7979
30.2274
29.6597
29.0953
28.5337
27.9752
27.4194
26.8667
26.3167
25.7696
25.2253
24.6839
24.1452
23.6094
23.0763
22.5459
22.0183
21.4934
20.9711
20.4516
19.9348
19.4206
18.909
18.4
17.8935
17.3895
16.8878
16.3886
15.8916
15.3971
14.9048
14.4149
13.9272
13.4419
12.9587
12.4778
11.9991
11.5226
11.0482
10.5759
10.1057
9.63758
9.17149
8.70741
8.24528
7.7851
7.32679
6.87034
6.41567
5.96279
5.51163
5.06222
4.61452
4.16853
3.72423
3.28153
2.84046
2.4005
1.96274
1.52352
1.09668
0.653419
0.20704
58.5892
58.243
57.4006
56.1544
54.8442
53.6649
52.5595
51.4609
50.372
49.3234
48.3347
47.4115
46.5501
45.7441
44.9857
44.2668
43.5795
42.9162
42.2706
41.6371
41.0115
40.3909
39.7732
39.1574
38.5429
37.9299
37.3186
36.7095
36.103
35.4996
34.8995
34.3031
33.7104
33.1215
32.5364
31.9549
31.377
30.8025
30.2314
29.6634
29.0985
28.5367
27.9779
27.422
26.869
26.3189
25.7716
25.2272
24.6856
24.1468
23.6108
23.0776
22.5471
22.0194
21.4944
20.9721
20.4525
19.9356
19.4213
18.9097
18.4007
17.8942
17.3901
16.8885
16.3892
15.8923
15.3976
14.9054
14.4154
13.9277
13.4423
12.9591
12.4782
11.9994
11.5229
11.0485
10.5762
10.106
9.63788
9.17182
8.70776
8.24569
7.78555
7.3273
6.87088
6.41627
5.96342
5.5123
5.06289
4.61518
4.16915
3.72479
3.28198
2.84076
2.4004
1.96245
1.52071
1.09707
0.640293
0.211232
57.9564
57.6906
57.0455
55.9732
54.76
53.6616
52.6474
51.6266
50.5828
49.5457
48.5447
47.5959
46.7046
45.8695
45.0859
44.3466
43.6437
42.9689
42.3152
41.676
41.0465
40.4231
39.8033
39.1858
38.57
37.9557
37.3432
36.7328
36.1252
35.5206
34.9196
34.3222
33.7287
33.1391
32.5533
31.9712
31.3927
30.8177
30.246
29.6775
29.1121
28.5497
27.9903
27.4338
26.8802
26.3295
25.7817
25.2366
24.6945
24.1552
23.6187
23.085
22.5541
22.026
21.5006
20.978
20.4582
19.9411
19.4267
18.9149
18.4057
17.8991
17.395
16.8932
16.3939
15.8969
15.4023
14.91
14.42
13.9323
13.4469
12.9636
12.4827
12.0039
11.5274
11.0529
10.5806
10.1104
9.64232
9.17621
8.7122
8.25008
7.78999
7.33171
6.87536
6.42074
5.96797
5.51685
5.06753
4.6198
4.17381
3.72937
3.28648
2.84511
2.40433
1.96615
1.52133
1.10155
0.627846
0.219473
57.5099
57.3032
56.7601
55.7769
54.6056
53.5364
52.5664
51.5998
50.6045
49.6022
48.6225
47.6848
46.7978
45.9634
45.1782
44.4362
43.729
43.0491
42.3888
41.7423
41.1047
40.4728
39.8444
39.2186
38.5949
37.9736
37.355
36.7396
36.1279
35.5203
34.917
34.3183
33.724
33.1342
32.5485
31.9668
31.3888
30.8144
30.2433
29.6753
29.1103
28.5483
27.9891
27.4327
26.879
26.3282
25.7802
25.235
24.6925
24.1529
23.6161
23.0822
22.551
22.0227
21.4971
20.9744
20.4544
19.9372
19.4227
18.9108
18.4016
17.895
17.3908
16.8891
16.3898
15.8929
15.3983
14.9061
14.4161
13.9285
13.4431
12.96
12.4791
12.0004
11.5238
11.0494
10.5771
10.1069
9.63875
9.17266
8.70856
8.24646
7.78629
7.32804
6.87165
6.4171
5.96434
5.51335
5.06408
4.6165
4.17055
3.72621
3.28328
2.84195
2.4008
1.96272
1.51501
1.10062
0.611982
0.221609
57.238
57.0914
56.6512
55.7699
54.6606
53.6096
52.6396
51.6735
50.6825
49.6865
48.7137
47.7834
46.904
46.0772
45.2984
44.5608
43.8549
43.1729
42.5068
41.8516
41.2026
40.5579
39.9158
39.2765
38.6399
38.0071
37.3784
36.7548
36.1365
35.5242
34.9175
34.317
33.7216
33.1318
32.5465
31.9658
31.3887
30.8155
30.2453
29.6784
29.1141
28.5527
27.9938
27.4377
26.8839
26.333
25.7846
25.2391
24.6961
24.1561
23.6188
23.0844
22.5527
22.024
21.4981
20.9751
20.4548
19.9374
19.4226
18.9106
18.4012
17.8945
17.3902
16.8885
16.3892
15.8924
15.3978
14.9057
14.4158
13.9284
13.443
12.9601
12.4793
12.0008
11.5243
11.05
10.5778
10.1077
9.63959
9.17364
8.70953
8.24756
7.78735
7.32922
6.87281
6.41844
5.96572
5.51496
5.06577
4.61846
4.17262
3.72857
3.28573
2.84472
2.40333
1.96547
1.51512
1.10598
0.606516
0.22136
57.1785
56.7975
56.2497
55.4798
54.5471
53.5999
52.6626
51.6957
50.6926
49.6812
48.6958
47.7591
46.8811
46.0618
45.2943
44.5686
43.8735
43.1992
42.5374
41.8827
41.2313
40.5817
39.9333
39.2871
38.6437
38.0047
37.371
36.7436
36.1228
35.5092
34.9024
34.3025
33.7085
33.1204
32.5371
31.9584
31.3833
30.8118
30.2431
29.6773
29.1138
28.5528
27.994
27.4377
26.8836
26.332
25.7829
25.2364
24.6926
24.1516
23.6132
23.0779
22.5454
22.0158
21.4891
20.9654
20.4445
19.9266
19.4113
18.8989
18.3891
17.8821
17.3776
16.8757
16.3762
15.8793
15.3846
14.8925
14.4025
13.915
13.4297
12.9467
12.4659
11.9873
11.5108
11.0366
10.5643
10.0943
9.62614
9.16017
8.69608
8.23408
7.7739
7.31577
6.8594
6.40504
5.95238
5.50168
5.05263
4.60549
4.15993
3.71624
3.27401
2.83395
2.39401
1.95837
1.51025
1.10564
0.613279
0.199552
58.3651
57.5742
56.5375
55.5557
54.6353
53.7479
52.8352
51.8561
50.8199
49.7704
48.7523
47.7942
46.9072
46.0885
45.3275
44.6103
43.9229
43.2536
42.5934
41.9366
41.2801
40.6232
39.9661
39.3106
38.6581
38.0107
37.3696
36.736
36.1103
35.493
34.8836
34.2819
33.6871
33.0984
32.5151
31.9365
31.3618
30.7906
30.2223
29.6567
29.0935
28.5326
27.9739
27.4174
26.8633
26.3115
25.7622
25.2155
24.6715
24.1303
23.592
23.0566
22.5242
21.9947
21.4682
20.9447
20.4241
19.9064
19.3917
18.8796
18.3704
17.8638
17.3598
16.8584
16.3595
15.8631
15.3691
14.8774
14.388
13.901
13.4162
12.9336
12.4532
11.975
11.499
11.0251
10.5533
10.0835
9.61585
9.15016
8.68651
8.22479
7.76506
7.30719
6.85125
6.39713
5.94488
5.49439
5.04573
4.5988
4.15368
3.7103
3.26877
2.82919
2.39121
1.95559
1.51985
1.08965
0.654318
0.207859
65.2188
61.0767
58.0477
56.4481
55.0705
53.5161
51.9509
50.5483
49.3554
48.3448
47.4678
46.6802
45.9508
45.2608
44.5991
43.9581
43.332
42.7159
42.1058
41.4987
40.8925
40.2863
39.6797
39.0728
38.4662
37.8602
37.2557
36.6529
36.0523
35.4544
34.8592
34.267
33.6779
33.0919
32.5089
31.929
31.3522
30.7785
30.2077
29.64
29.0753
28.5135
27.9548
27.3989
26.846
26.296
25.7489
25.2046
24.6632
24.1246
23.5888
23.0558
22.5256
21.9981
21.4733
20.9512
20.4319
19.9152
19.4011
18.8896
18.3806
17.8741
17.3701
16.8685
16.3694
15.8726
15.3782
14.8861
14.3964
13.9089
13.4237
12.9408
12.46
11.9815
11.5051
11.0308
10.5587
10.0887
9.6207
9.15474
8.69078
8.22877
7.76868
7.31047
6.85413
6.39962
5.94691
5.496
5.04687
4.59949
4.15384
3.70989
3.26762
2.827
2.38793
1.95054
1.51466
1.08034
0.65029
0.211119
61.9601
59.6249
57.5782
56.2934
55.0497
53.6059
52.1099
50.7243
49.5139
48.4742
47.5706
46.7639
46.0226
45.3247
44.6568
44.0099
43.3777
42.7553
42.1391
41.5263
40.9153
40.3048
39.6948
39.0851
38.4763
37.8686
37.2628
36.6591
36.0579
35.4595
34.8641
34.2718
33.6826
33.0965
32.5136
31.9337
31.3568
30.783
30.2122
29.6443
29.0794
28.5174
27.9584
27.4024
26.8492
26.299
25.7517
25.2072
24.6657
24.1269
23.591
23.0579
22.5275
21.9999
21.4751
20.953
20.4336
19.9168
19.4027
18.8912
18.3822
17.8757
17.3717
16.8701
16.371
15.8742
15.3798
14.8877
14.398
13.9105
13.4253
12.9423
12.4616
11.9831
11.5067
11.0324
10.5603
10.0903
9.62229
9.15633
8.69237
8.23037
7.77028
7.31208
6.85573
6.40121
5.94849
5.49756
5.0484
4.60099
4.15531
3.71134
3.26904
2.82843
2.38929
1.95205
1.51553
1.08321
0.652577
0.208364
60.3571
59.2259
57.7363
56.3922
55.085
53.7223
52.3487
51.0456
49.8629
48.8101
47.8714
47.0219
46.238
45.5017
44.8004
44.1251
43.4691
42.8271
42.1949
41.5694
40.9483
40.33
39.7137
39.0993
38.4868
37.8764
37.2683
36.6631
36.0608
35.4617
34.8659
34.2734
33.6843
33.0985
32.5158
31.9363
31.3599
30.7864
30.2159
29.6483
29.0835
28.5217
27.9627
27.4066
26.8533
26.3029
25.7554
25.2107
24.6689
24.1299
23.5938
23.0604
22.5298
22.002
21.4769
20.9546
20.435
19.9181
19.4038
18.8922
18.383
17.8765
17.3724
16.8707
16.3714
15.8746
15.3801
14.888
14.3981
13.9106
13.4254
12.9424
12.4616
11.9831
11.5067
11.0324
10.5603
10.0903
9.62227
9.15634
8.69239
8.23041
7.77034
7.31217
6.85583
6.40134
5.94862
5.49771
5.04854
4.60115
4.15546
3.71152
3.26922
2.82864
2.38941
1.95226
1.51491
1.0858
0.651249
0.201279
59.3473
58.6467
57.4574
56.1455
54.8703
53.6394
52.4222
51.229
50.0955
49.0461
48.0856
47.2045
46.3895
45.6266
44.905
44.2142
43.5474
42.8971
42.2592
41.6286
41.0035
40.3811
39.7612
39.1427
38.5264
37.9119
37.3003
36.6912
36.0857
35.4834
34.8852
34.2903
33.6996
33.1122
32.5286
31.9482
31.3713
30.7973
30.2266
29.6586
29.0938
28.5317
27.9726
27.4162
26.8628
26.312
25.7643
25.2193
24.6772
24.1378
23.6014
23.0676
22.5368
22.0086
21.4833
20.9607
20.4408
19.9236
19.4092
18.8973
18.388
17.8812
17.377
16.8752
16.3758
15.8788
15.3842
14.8919
14.402
13.9143
13.429
12.9458
12.465
11.9863
11.5098
11.0354
10.5633
10.0931
9.62513
9.15909
8.69514
8.23307
7.77301
7.31475
6.85843
6.40384
5.95113
5.50012
5.05095
4.60345
4.15776
3.71371
3.2714
2.83072
2.39135
1.95429
1.51586
1.0901
0.649445
0.198494
58.5325
57.9555
57.0189
55.8833
54.7201
53.6182
52.5343
51.4365
50.3447
49.2942
48.3069
47.3892
46.537
45.7427
44.9958
44.287
43.6069
42.9478
42.3031
41.668
41.0387
40.4131
39.7898
39.1684
38.5487
37.9312
37.3164
36.7047
36.0966
35.4925
34.8923
34.2964
33.7045
33.1167
32.5326
31.9522
31.3752
30.8015
30.2309
29.6632
29.0985
28.5365
27.9774
27.421
26.8673
26.3165
25.7684
25.2231
24.6806
24.1409
23.604
23.07
22.5387
22.0102
21.4846
20.9617
20.4415
19.9241
19.4094
18.8974
18.388
17.8811
17.3768
16.8749
16.3754
15.8784
15.3837
14.8913
14.4014
13.9136
13.4282
12.9451
12.4642
11.9855
11.509
11.0346
10.5624
10.0923
9.62426
9.15822
8.69429
8.23223
7.77219
7.31394
6.85764
6.40306
5.95037
5.49936
5.0502
4.60269
4.15701
3.71294
3.27062
2.82992
2.39042
1.9535
1.51317
1.09125
0.640176
0.197541
57.8984
57.4006
56.6544
55.6918
54.6342
53.6204
52.6288
51.6068
50.5573
49.5161
48.5158
47.5736
46.6941
45.8743
45.106
44.3805
43.6874
43.0184
42.3656
41.7238
41.0883
40.4572
39.8284
39.2019
38.5774
37.9557
37.3369
36.7221
36.1112
35.5052
34.9035
34.3068
33.7143
33.1266
32.5426
31.9627
31.386
30.8129
30.2426
29.6755
29.1108
28.5492
27.9899
27.4335
26.8795
26.3283
25.7797
25.234
24.6908
24.1507
23.6131
23.0786
22.5467
22.0178
21.4916
20.9684
20.4478
19.9301
19.4151
18.9029
18.3932
17.8862
17.3817
16.8798
16.3801
15.8831
15.3883
14.896
14.4058
13.9182
13.4327
12.9496
12.4685
11.9899
11.5133
11.039
10.5667
10.0966
9.62846
9.16257
8.69846
8.23655
7.77634
7.31827
6.86181
6.40742
5.95457
5.50376
5.05445
4.60715
4.1613
3.71744
3.27491
2.83445
2.39454
1.95804
1.51496
1.09814
0.632147
0.202323
57.4511
57.013
56.3647
55.4906
54.483
53.5047
52.5582
51.5868
50.5797
49.5665
48.5812
47.6457
46.7686
45.9495
45.1818
44.4563
43.7627
43.0919
42.436
41.7892
41.1476
40.5089
39.8721
39.2372
38.6046
37.9753
37.3498
36.7292
36.1139
35.5042
34.9001
34.3017
33.7086
33.1206
32.537
31.9576
31.3819
30.8095
30.2401
29.6736
29.1097
28.5484
27.9895
27.4332
26.8793
26.3279
25.7792
25.2331
24.6897
24.1491
23.6112
23.0762
22.5441
22.0148
21.4884
20.9648
20.4441
19.9262
19.4111
18.8988
18.3891
17.882
17.3775
16.8755
16.376
15.8789
15.3842
14.8919
14.4019
13.9142
13.4288
12.9457
12.4648
11.9861
11.5095
11.0352
10.5629
10.0928
9.62469
9.15865
8.69462
8.23256
7.77245
7.31423
6.85788
6.40338
5.9507
5.49981
5.05069
4.60332
4.15767
3.71374
3.27138
2.83094
2.39103
1.9548
1.50921
1.09833
0.617955
0.20144
57.1781
56.7972
56.2499
55.4802
54.5476
53.6006
52.6636
51.6969
50.6936
49.6818
48.6957
47.7583
46.8798
46.0601
45.2925
44.567
43.8722
43.1983
42.5371
41.8829
41.2319
40.5826
39.9345
39.2883
38.6449
38.0058
37.3718
36.7442
36.1232
35.5093
34.9023
34.3022
33.7081
33.1199
32.5366
31.9579
31.3829
30.8114
30.2428
29.6771
29.1137
28.5528
27.994
27.4378
26.8837
26.3322
25.7831
25.2366
24.6928
24.1517
23.6134
23.0781
22.5455
22.016
21.4892
20.9655
20.4446
19.9266
19.4113
18.899
18.3892
17.8822
17.3776
16.8757
16.3762
15.8793
15.3846
14.8925
14.4025
13.915
13.4297
12.9467
12.4658
11.9872
11.5107
11.0365
10.5642
10.0942
9.62608
9.16014
8.69606
8.23409
7.77393
7.31581
6.85944
6.40507
5.9524
5.50169
5.05263
4.60547
4.15988
3.71618
3.27394
2.83389
2.39397
1.95836
1.51027
1.10569
0.613352
0.199578
57.119
56.4869
55.8153
55.1453
54.3839
53.5471
52.6575
51.7093
50.7116
49.6985
48.709
47.7687
46.8906
46.0733
45.3104
44.589
43.8981
43.2258
42.5644
41.9076
41.2527
40.5979
39.9441
39.2918
38.6433
37.9992
37.3619
36.7313
36.1091
35.4943
34.8877
34.288
33.6954
33.1082
32.5267
31.9491
31.3756
30.805
30.2375
29.6721
29.1093
28.5482
27.9896
27.4328
26.8785
26.3262
25.7767
25.2293
24.685
24.1431
23.6044
23.0682
22.5354
22.0051
21.4783
20.954
20.4331
19.9147
19.3995
18.8868
18.3772
17.8699
17.3656
16.8635
16.3643
15.8671
15.3727
14.8804
14.3907
13.9029
13.4179
12.9346
12.454
11.9752
11.4989
11.0244
10.5523
10.082
9.61412
9.14783
8.68398
8.22166
7.76173
7.30328
6.84716
6.39245
5.94004
5.489
5.04023
4.5928
4.14758
3.70369
3.26199
2.8221
2.38327
1.94908
1.50278
1.10403
0.615151
0.180429
58.3303
57.3596
56.2357
55.3
54.4654
53.6379
52.76
51.8061
50.7914
49.7596
48.7554
47.8075
46.9284
46.1145
45.3571
44.6406
43.9531
43.281
42.6176
41.9556
41.2942
40.6312
39.9692
39.3084
38.6523
38.0013
37.3583
36.723
36.0971
35.4796
34.8712
34.27
33.6767
33.0889
32.5072
31.9293
31.3559
30.7851
30.2176
29.652
29.0891
28.5279
27.9691
27.4122
26.8578
26.3054
25.7558
25.2086
24.6643
24.1227
23.5841
23.0484
22.5159
21.9863
21.4598
20.9363
20.4158
19.8983
19.3836
18.8718
18.3627
17.8563
17.3525
16.8513
16.3525
15.8563
15.3623
14.8708
14.3814
13.8945
13.4096
12.9271
12.4467
11.9685
11.4924
11.0185
10.5465
10.0768
9.60896
9.14325
8.67943
8.21768
7.75776
7.29986
6.84374
6.38959
5.93715
5.48665
5.03781
4.59089
4.14561
3.70227
3.26061
2.82107
2.38296
1.94738
1.51183
1.08256
0.649343
0.206089
66.4038
61.8296
58.468
56.7026
55.2494
53.6565
52.0684
50.6533
49.4562
48.4478
47.5768
46.7965
46.0737
45.388
44.7275
44.0847
43.454
42.831
42.2125
41.5964
40.9811
40.366
39.7508
39.1359
38.5219
37.9094
37.2989
36.691
36.0858
35.4838
34.8851
34.2897
33.6977
33.1091
32.5238
31.9418
31.3631
30.7876
30.2153
29.6462
29.0802
28.5173
27.9574
27.4006
26.8468
26.2959
25.7481
25.2031
24.6611
24.122
23.5857
23.0523
22.5216
21.9938
21.4687
20.9464
20.4268
19.9099
19.3957
18.884
18.3749
17.8684
17.3643
16.8628
16.3636
15.8669
15.3726
14.8806
14.3909
13.9036
13.4185
12.9357
12.4551
11.9768
11.5006
11.0266
10.5546
10.0848
9.61707
9.15134
8.68761
8.22584
7.766
7.30805
6.85196
6.39771
5.94528
5.49464
5.04578
4.59867
4.1533
3.70963
3.26764
2.8273
2.38857
1.95141
1.5159
1.08155
0.649926
0.213902
63.171
60.4447
57.9976
56.4883
55.1696
53.7098
52.2093
50.8204
49.6092
48.5723
47.6745
46.875
46.1402
45.4467
44.7801
44.1312
43.4942
42.8648
42.2401
41.6181
40.9977
40.3779
39.759
39.141
38.5246
37.9102
37.2983
36.6893
36.0835
35.481
34.882
34.2865
33.6945
33.1059
32.5208
31.9389
31.3603
30.785
30.2128
29.6437
29.0778
28.5149
27.955
27.3982
26.8444
26.2936
25.7458
25.2009
24.6589
24.1199
23.5837
23.0503
22.5198
21.992
21.4671
20.9449
20.4254
19.9086
19.3944
18.8829
18.3739
17.8675
17.3635
16.862
16.363
15.8663
15.372
14.8801
14.3905
13.9032
13.4182
12.9355
12.4549
11.9766
11.5004
11.0265
10.5546
10.0848
9.61705
9.15136
8.68764
8.2259
7.76606
7.30813
6.85204
6.3978
5.94535
5.49471
5.04582
4.59871
4.15331
3.70965
3.26764
2.82733
2.38857
1.95147
1.5159
1.08194
0.650583
0.212673
61.564
60.0489
58.1012
56.5171
55.1562
53.8019
52.438
51.1366
49.9512
48.896
47.957
47.1095
46.3288
45.5956
44.8962
44.2209
43.563
42.9172
42.2798
41.6481
41.0201
40.3947
39.7714
39.1501
38.5311
37.9147
37.3013
36.6912
36.0845
35.4815
34.8823
34.2866
33.6947
33.1062
32.5213
31.9396
31.3612
30.786
30.2139
29.6448
29.0788
28.5158
27.9558
27.3988
26.8448
26.2937
25.7456
25.2004
24.6582
24.1189
23.5824
23.0488
22.5181
21.9902
21.4651
20.9428
20.4232
19.9063
19.3921
18.8805
18.3716
17.8651
17.3612
16.8597
16.3607
15.864
15.3698
14.8778
14.3883
13.901
13.4161
12.9333
12.4529
11.9746
11.4985
11.0245
10.5527
10.083
9.61532
9.14966
8.68604
8.22433
7.76458
7.30668
6.85067
6.39644
5.94407
5.49343
5.04461
4.5975
4.15218
3.70853
3.26663
2.82635
2.38772
1.95072
1.51524
1.08184
0.650588
0.209629
60.5449
59.439
57.7864
56.2645
54.9683
53.7583
52.5481
51.3462
50.1974
49.133
48.1616
47.275
46.459
45.6974
44.978
44.2886
43.6217
42.9694
42.3277
41.6919
41.0605
40.4313
39.8044
39.1791
38.5563
37.9359
37.3191
36.7055
36.0962
35.4907
34.8897
34.2925
33.6998
33.1106
32.5255
31.9437
31.3655
30.7904
30.2186
29.6496
29.0839
28.5209
27.9611
27.4039
26.8498
26.2985
25.7503
25.2048
24.6623
24.1227
23.586
23.0521
22.5211
21.9929
21.4676
20.945
20.4252
19.9082
19.3938
18.8821
18.373
17.8665
17.3624
16.8609
16.3618
15.8651
15.3707
14.8788
14.3891
13.9018
13.4168
12.934
12.4535
11.9751
11.499
11.025
10.5531
10.0834
9.61565
9.15001
8.68634
8.22465
7.76486
7.30698
6.85092
6.39671
5.94427
5.49364
5.04475
4.59765
4.15226
3.70866
3.26673
2.82655
2.38792
1.95116
1.5157
1.08288
0.651457
0.207819
59.7257
58.7488
57.3499
56.0154
54.8432
53.7622
52.6735
51.552
50.4313
49.3559
48.3521
47.4282
46.5774
45.7901
45.0512
44.3506
43.6753
43.0188
42.3726
41.7339
41.098
40.4649
39.8326
39.2027
38.5742
37.9494
37.3274
36.7104
36.0972
35.4896
34.8862
34.2884
33.6946
33.1059
32.5206
31.9398
31.362
30.7881
30.2167
29.649
29.0836
28.5214
27.9617
27.405
26.8508
26.2997
25.7511
25.2057
24.6628
24.123
23.5858
23.0518
22.5204
21.992
21.4664
20.9437
20.4237
19.9065
19.392
18.8803
18.3711
17.8646
17.3605
16.8591
16.3599
15.8633
15.369
14.8771
14.3875
13.9002
13.4152
12.9325
12.452
11.9737
11.4975
11.0236
10.5518
10.0821
9.61437
9.14877
8.68512
8.22348
7.76371
7.30586
6.84981
6.39562
5.94319
5.49257
5.04368
4.5966
4.15123
3.70766
3.2658
2.82571
2.38722
1.95071
1.51521
1.08309
0.650859
0.206054
59.089
58.1954
56.9841
55.8197
54.7594
53.7685
52.7654
51.7077
50.6175
49.5426
48.5221
47.5739
46.7012
45.8951
45.1448
44.4355
43.7562
43.0953
42.4462
41.8026
41.162
40.5221
39.8833
39.2454
38.61
37.9775
37.3496
36.7263
36.1091
35.4973
34.8918
34.2917
33.6975
33.1079
32.5234
31.9427
31.3662
30.7927
30.2227
29.6554
29.0911
28.5291
27.97
27.4133
26.8593
26.3079
25.7592
25.2131
24.67
24.1295
23.592
23.0573
22.5256
21.9967
21.4707
20.9475
20.4273
19.9098
19.3952
18.8832
18.374
17.8673
17.3633
16.8617
16.3626
15.866
15.3717
14.8798
14.3903
13.903
13.4181
12.9354
12.4549
11.9766
11.5005
11.0266
10.5548
10.0851
9.61745
9.15183
8.68824
8.22658
7.76686
7.309
6.85301
6.39882
5.94644
5.49583
5.04699
4.59992
4.15461
3.71107
3.26927
2.82932
2.39099
1.95473
1.51924
1.08758
0.654344
0.208005
58.6377
57.8011
56.6895
55.6231
54.6323
53.6969
52.7484
51.739
50.6809
49.6198
48.5995
47.6456
46.7655
45.9545
45.2011
44.4914
43.8118
43.1509
42.5001
41.8536
41.208
40.5621
39.9159
39.2705
38.6273
37.9878
37.3533
36.7249
36.1031
35.4884
34.8808
34.2798
33.6852
33.0963
32.5125
31.9332
31.3579
30.786
30.2172
29.6513
29.0879
28.5269
27.9683
27.4121
26.8583
26.307
25.7581
25.2119
24.6685
24.1277
23.5898
23.0548
22.5227
21.9934
21.4672
20.9438
20.4233
19.9057
19.3909
18.8789
18.3696
17.8629
17.3589
16.8574
16.3584
15.8618
15.3677
14.8758
14.3864
13.8992
13.4143
12.9317
12.4512
11.973
11.497
11.023
10.5513
10.0815
9.61394
9.14832
8.68474
8.22308
7.76339
7.30555
6.84961
6.39545
5.94314
5.49258
5.04383
4.59681
4.1516
3.70813
3.26647
2.8267
2.38859
1.95265
1.51702
1.08603
0.651974
0.206568
58.364
57.5734
56.5373
55.5562
54.6364
53.7498
52.8375
51.8583
50.8213
49.7704
48.7508
47.7914
46.9035
46.0845
45.3238
44.6073
43.9209
43.2529
42.5939
41.9383
41.2827
40.6263
39.9696
39.3141
38.6614
38.0135
37.3718
36.7375
36.1113
35.4933
34.8834
34.2812
33.686
33.0972
32.5137
31.9351
31.3604
30.7893
30.2212
29.6558
29.0927
28.532
27.9735
27.4172
26.8631
26.3115
25.7623
25.2157
24.6718
24.1306
23.5923
23.0569
22.5244
21.995
21.4685
20.9449
20.4244
19.9067
19.3918
18.8798
18.3705
17.8639
17.36
16.8585
16.3596
15.8631
15.3691
14.8774
14.388
13.9009
13.4161
12.9334
12.4531
11.9748
11.4988
11.0249
10.5531
10.0834
9.61574
9.15009
8.68648
8.22479
7.76508
7.30722
6.85129
6.39714
5.94487
5.49435
5.04566
4.5987
4.15356
3.71017
3.26865
2.82909
2.39115
1.95558
1.51989
1.08973
0.654416
0.207894
58.3297
57.359
56.2354
55.3
54.4656
53.6386
52.7609
51.807
50.792
49.7595
48.7547
47.8063
46.9268
46.1127
45.3554
44.6392
43.9522
43.2807
42.6179
41.9565
41.2955
40.6329
39.971
39.3103
38.654
38.0028
37.3595
36.7239
36.0977
35.4798
34.8711
34.2698
33.6762
33.0883
32.5065
31.9286
31.3552
30.7844
30.2169
29.6514
29.0886
28.5275
27.9688
27.412
26.8576
26.3053
25.7558
25.2086
24.6643
24.1227
23.5842
23.0485
22.516
21.9864
21.4599
20.9364
20.4159
19.8984
19.3837
18.8719
18.3628
17.8564
17.3525
16.8513
16.3526
15.8563
15.3623
14.8707
14.3814
13.8944
13.4096
12.927
12.4466
11.9684
11.4923
11.0184
10.5465
10.0767
9.60891
9.14321
8.67941
8.21767
7.75775
7.29986
6.84374
6.38958
5.93714
5.48663
5.03778
4.59084
4.14555
3.7022
3.26055
2.82101
2.38293
1.94737
1.51185
1.0826
0.649388
0.20611
59.4976
58.0864
56.6044
55.5226
54.6565
53.8156
52.9129
51.9309
50.8962
49.8558
48.8501
47.9066
47.0306
46.2205
45.4613
44.7421
44.0461
43.3652
42.6892
42.0157
41.341
40.6671
39.9937
39.3246
38.6602
38.0042
37.356
36.7184
36.0897
35.4719
34.8621
34.2617
33.6677
33.0811
32.4989
31.9221
31.3482
30.7782
30.2102
29.6452
29.0817
28.5208
27.9615
27.4048
26.85
26.2979
25.748
25.201
24.6567
24.1154
23.577
23.0417
22.5094
21.9803
21.4543
20.9313
20.4113
19.8942
19.38
18.8687
18.3601
17.8541
17.3508
16.8499
16.3516
15.8556
15.362
14.8707
14.3817
13.8949
13.4104
12.928
12.4479
11.9698
11.4939
11.02
10.5484
10.0786
9.61106
9.1453
8.68177
8.21995
7.76032
7.30233
6.84649
6.39224
5.94009
5.48947
5.04094
4.5939
4.14895
3.70548
3.26408
2.8242
2.38605
1.94937
1.51395
1.08038
0.647793
0.212096
)
;

boundaryField
{
    inlet
    {
        type            zeroGradient;
    }
    outlet
    {
        type            fixedValue;
        value           uniform 0;
    }
    Wall
    {
        type            zeroGradient;
    }
}


// ************************************************************************* //
