/*--------------------------------*- C++ -*----------------------------------*\
| =========                 |                                                 |
| \\      /  F ield         | OpenFOAM: The Open Source CFD Toolbox           |
|  \\    /   O peration     | Version:  5.x                                   |
|   \\  /    A nd           | Web:      www.OpenFOAM.org                      |
|    \\/     M anipulation  |                                                 |
\*---------------------------------------------------------------------------*/
/*   Windows 32 and 64 bit porting by blueCAPE: http://www.bluecape.com.pt   *\
|  Based on Windows porting (2.0.x v4) by Symscape: http://www.symscape.com   |
\*---------------------------------------------------------------------------*/
FoamFile
{
    version     2.0;
    format      ascii;
    class       volScalarField;
    location    "30";
    object      p;
}
// * * * * * * * * * * * * * * * * * * * * * * * * * * * * * * * * * * * * * //

dimensions      [0 2 -2 0 0 0 0];

internalField   nonuniform List<scalar> 
10000
(
72.6988
64.9504
59.8568
57.3716
55.3149
53.2646
51.4821
50.0203
48.7763
47.6748
46.691
45.8137
45.0273
44.3131
43.653
43.0309
42.434
41.8524
41.2791
40.7094
40.1401
39.5696
38.9969
38.4219
37.8447
37.2658
36.6856
36.1047
35.5238
34.9433
34.3637
33.7854
33.2088
32.6342
32.0618
31.4918
30.9244
30.3598
29.798
29.239
28.683
28.13
27.58
27.0329
26.4888
25.9477
25.4095
24.8742
24.3419
23.8124
23.2857
22.7618
22.2407
21.7224
21.2067
20.6937
20.1833
19.6755
19.1702
18.6674
18.1671
17.6692
17.1737
16.6805
16.1897
15.7011
15.2147
14.7305
14.2485
13.7686
13.2908
12.8151
12.3414
11.8697
11.3999
10.9321
10.4663
10.0023
9.54013
9.07983
8.62132
8.16458
7.70958
7.25628
6.80466
6.35469
5.90636
5.45964
5.01452
4.57096
4.12895
3.68846
3.24946
2.8119
2.3758
1.94104
1.5079
1.07554
0.645997
0.213716
69.5177
63.5987
59.3447
57.143
55.2525
53.2823
51.5107
50.0365
48.7809
47.6715
46.6827
45.8037
45.0185
44.3068
43.6488
43.0281
42.4319
41.8506
41.2774
40.7077
40.1385
39.5681
38.9956
38.4207
37.8437
37.2649
36.6848
36.1041
35.5232
34.9428
34.3633
33.7851
33.2086
32.6341
32.0617
31.4918
30.9245
30.3599
29.7981
29.2391
28.6831
28.1301
27.5801
27.033
26.4889
25.9478
25.4096
24.8743
24.342
23.8125
23.2858
22.7619
22.2408
21.7224
21.2067
20.6937
20.1833
19.6755
19.1702
18.6675
18.1672
17.6693
17.1737
16.6805
16.1897
15.7011
15.2147
14.7305
14.2485
13.7686
13.2908
12.8151
12.3414
11.8696
11.3999
10.9321
10.4662
10.0022
9.54012
9.07981
8.62131
8.16457
7.70957
7.25627
6.80465
6.35468
5.90635
5.45963
5.0145
4.57095
4.12894
3.68844
3.24944
2.81189
2.37579
1.94102
1.50793
1.07548
0.646476
0.21323
67.9425
63.2149
59.3694
57.1264
55.2517
53.3432
51.5943
50.1129
48.8487
47.7351
46.7427
45.8594
45.0699
44.3545
43.6929
43.0682
42.4675
41.8815
41.3038
40.73
40.1572
39.5836
39.0084
38.4312
37.8521
37.2716
36.69
36.108
35.5261
34.9448
34.3645
33.7857
33.2087
32.6338
32.0611
31.491
30.9235
30.3587
29.7968
29.2378
28.6818
28.1288
27.5787
27.0316
26.4876
25.9465
25.4083
24.8731
24.3407
23.8113
23.2846
22.7608
22.2397
21.7213
21.2057
20.6927
20.1823
19.6746
19.1693
18.6666
18.1663
17.6684
17.1729
16.6798
16.1889
15.7003
15.214
14.7298
14.2478
13.7679
13.2902
12.8144
12.3407
11.8691
11.3993
10.9316
10.4657
10.0017
9.53961
9.07932
8.62083
8.1641
7.70911
7.25582
6.80421
6.35425
5.90593
5.45923
5.01412
4.57057
4.12858
3.68809
3.2491
2.81155
2.37546
1.94069
1.50767
1.07516
0.646981
0.212275
66.9393
62.6015
59.0472
56.9008
55.1122
53.2972
51.6041
50.1458
48.8951
47.7943
46.8116
45.933
45.1451
44.4295
43.7666
43.1394
42.535
41.9445
41.3619
40.7831
40.2054
39.6273
39.0479
38.4669
37.8843
37.3005
36.7161
36.1314
35.5472
34.9638
34.3816
33.8012
33.2227
32.6464
32.0726
31.5015
30.933
30.3675
29.8048
29.2452
28.6886
28.135
27.5845
27.037
26.4925
25.951
25.4125
24.877
24.3443
23.8146
23.2877
22.7636
22.2424
21.7238
21.208
20.6948
20.1843
19.6764
19.171
18.6681
18.1677
17.6697
17.1741
16.6808
16.1899
15.7012
15.2148
14.7306
14.2485
13.7685
13.2907
12.8149
12.3412
11.8695
11.3997
10.9319
10.466
10.002
9.53981
9.07948
8.62096
8.1642
7.70919
7.25588
6.80425
6.35428
5.90594
5.45923
5.01411
4.57056
4.12856
3.68807
3.24907
2.81151
2.37542
1.94063
1.50765
1.07512
0.647373
0.211768
66.1436
61.9565
58.6685
56.7019
55.0136
53.2682
51.6192
50.1833
48.947
47.8595
46.8883
46.0177
45.234
44.5198
43.8563
43.2269
42.6188
42.0234
41.435
40.85
40.2663
39.6824
39.0976
38.5117
37.9247
37.3369
36.7488
36.161
35.5738
34.9878
34.4034
33.8208
33.2406
32.6627
32.0875
31.515
30.9455
30.379
29.8155
29.2551
28.6978
28.1436
27.5925
27.0445
26.4996
25.9577
25.4188
24.883
24.35
23.82
23.2928
22.7685
22.247
21.7282
21.2122
20.6988
20.1881
19.68
19.1744
18.6714
18.1708
17.6727
17.1769
16.6835
16.1925
15.7037
15.2171
14.7328
14.2506
13.7705
13.2926
12.8167
12.3429
11.871
11.4012
10.9333
10.4673
10.0032
9.54097
9.08057
8.62198
8.16515
7.71006
7.25669
6.805
6.35497
5.90659
5.45983
5.01467
4.57108
4.12904
3.68852
3.24948
2.81189
2.37576
1.94094
1.50786
1.07533
0.647254
0.211754
65.5337
61.4455
58.3412
56.5193
54.911
53.2176
51.6094
50.2035
48.9891
47.9196
46.9634
46.1037
45.3268
44.6161
43.9535
43.3228
42.7115
42.1114
41.5172
40.926
40.336
39.7461
39.1557
38.5647
37.9731
37.3811
36.7893
36.198
35.6078
35.0191
34.4322
33.8475
33.2652
32.6856
32.1089
31.535
30.9642
30.3966
29.8321
29.2707
28.7126
28.1576
27.6058
27.0572
26.5116
25.9692
25.4298
24.8934
24.36
23.8296
23.302
22.7773
22.2555
21.7363
21.22
20.7063
20.1953
19.6869
19.1811
18.6778
18.177
17.6786
17.1827
16.689
16.1978
15.7088
15.222
14.7375
14.2552
13.775
13.2969
12.8208
12.3469
11.8749
11.4049
10.9369
10.4708
10.0065
9.54418
9.08366
8.62495
8.16802
7.71283
7.25936
6.80758
6.35748
5.90902
5.46219
5.01696
4.57331
4.13122
3.69064
3.25156
2.81393
2.37774
1.94289
1.50963
1.07709
0.648144
0.212916
65.1032
61.0753
58.0632
56.3238
54.7751
53.1287
51.5625
50.1919
49.0047
47.9557
47.015
46.1669
45.3978
44.6918
44.031
43.3999
42.7861
42.1819
41.5825
40.9855
40.3894
39.7936
39.1977
38.6016
38.0055
37.4095
36.8141
36.2197
35.6268
35.0357
34.4468
33.8603
33.2766
32.6956
32.1177
31.5429
30.9713
30.4029
29.8378
29.276
28.7173
28.162
27.6098
27.0609
26.5151
25.9724
25.4328
24.8963
24.3627
23.8321
23.3044
22.7796
22.2576
21.7384
21.2219
20.7081
20.1971
19.6886
19.1827
18.6793
18.1784
17.6799
17.1839
16.6902
16.1989
15.7098
15.223
14.7384
14.256
13.7757
13.2976
12.8215
12.3475
11.8754
11.4054
10.9373
10.4711
10.0068
9.54442
9.08385
8.62508
8.16809
7.71285
7.25933
6.80752
6.35737
5.90888
5.46203
5.01678
4.57312
4.13102
3.69045
3.25137
2.81377
2.37759
1.94278
1.50946
1.07697
0.647638
0.212876
64.8474
60.8689
57.9185
56.2419
54.741
53.1249
51.5813
50.2324
49.065
48.0322
47.1038
46.2646
45.5019
44.7996
44.1402
43.5081
42.8912
42.2822
41.6768
41.0729
40.4697
39.8667
39.2639
38.6614
38.0592
37.4578
36.8576
36.2588
35.6619
35.0673
34.4752
33.8859
33.2996
32.7165
32.1366
31.56
30.9868
30.4169
29.8505
29.2875
28.7278
28.1715
27.6185
27.0688
26.5223
25.979
25.4388
24.9017
24.3677
23.8366
23.3085
22.7834
22.261
21.7415
21.2248
20.7108
20.1995
19.6908
19.1847
18.6811
18.1801
17.6815
17.1853
16.6915
16.2
15.7108
15.2239
14.7392
14.2567
13.7764
13.2981
12.8219
12.3478
11.8757
11.4056
10.9374
10.4712
10.0069
9.54439
9.08375
8.62492
8.16788
7.71259
7.25902
6.80717
6.357
5.90848
5.46161
5.01636
4.5727
4.13061
3.69006
3.25104
2.8135
2.37743
1.94274
1.50964
1.07725
0.648531
0.2128
64.8243
60.6883
57.6681
56.0365
54.6035
53.0294
51.5084
50.1779
49.0297
48.0145
47.1008
46.2731
45.5187
44.8219
44.1658
43.535
42.9181
42.3079
41.7005
41.0943
40.4884
39.8827
39.2772
38.6722
38.0677
37.4643
36.8623
36.2621
35.6641
35.0685
34.4756
33.8856
33.2988
32.7152
32.1349
31.558
30.9845
30.4144
29.8478
29.2845
28.7247
28.1682
27.6151
27.0652
26.5186
25.9752
25.4349
24.8977
24.3635
23.8324
23.3042
22.779
22.2566
21.737
21.2202
20.7061
20.1948
19.686
19.1799
18.6763
18.1752
17.6765
17.1803
16.6865
16.195
15.7058
15.2188
14.7341
14.2516
13.7712
13.2929
12.8167
12.3426
11.8705
11.4003
10.9322
10.4659
10.0016
9.53906
9.07841
8.61957
8.16251
7.70722
7.25366
6.80181
6.35166
5.90317
5.45633
5.01112
4.56752
4.1255
3.68505
3.24616
2.80879
2.37297
1.93855
1.50601
1.07399
0.647161
0.211045
65.9941
61.4194
58.0747
56.2977
54.7976
53.1784
51.6243
50.275
49.1214
48.1107
47.2066
46.3898
45.6443
44.9526
44.2971
43.6631
43.0401
42.422
41.8057
41.1902
40.5752
39.9605
39.3463
38.7328
38.1205
37.5099
36.9013
36.2954
35.6923
35.0922
34.4954
33.9021
33.3124
32.7262
32.1438
31.565
30.99
30.4186
29.8508
29.2867
28.7261
28.169
27.6153
27.065
26.518
25.9743
25.4338
24.8965
24.3622
23.831
23.3028
22.7775
22.2551
21.7355
21.2187
20.7046
20.1932
19.6845
19.1784
18.6748
18.1737
17.6751
17.1789
16.6851
16.1936
15.7044
15.2175
14.7327
14.2502
13.7698
13.2916
12.8154
12.3413
11.8692
11.399
10.9308
10.4646
10.0002
9.5377
9.07704
8.61819
8.16112
7.70582
7.25226
6.80041
6.35025
5.90177
5.45495
5.00976
4.56619
4.12422
3.68385
3.24505
2.80782
2.37216
1.93798
1.5056
1.07398
0.645937
0.212268
69.5178
63.5987
59.3447
57.1428
55.2524
53.2824
51.5108
50.0366
48.7809
47.6714
46.6827
45.8037
45.0186
44.3068
43.6488
43.0281
42.4319
41.8506
41.2774
40.7077
40.1385
39.5681
38.9956
38.4207
37.8437
37.2649
36.6848
36.1041
35.5232
34.9428
34.3633
33.7851
33.2086
32.6341
32.0617
31.4918
30.9245
30.3599
29.7981
29.2391
28.6832
28.1301
27.5801
27.033
26.4889
25.9478
25.4096
24.8743
24.342
23.8125
23.2858
22.7619
22.2408
21.7224
21.2067
20.6937
20.1833
19.6755
19.1702
18.6675
18.1672
17.6693
17.1737
16.6805
16.1897
15.7011
15.2147
14.7305
14.2485
13.7686
13.2908
12.8151
12.3413
11.8696
11.3999
10.9321
10.4662
10.0022
9.54012
9.07981
8.62131
8.16457
7.70956
7.25626
6.80465
6.35468
5.90634
5.45962
5.0145
4.57095
4.12894
3.68844
3.24944
2.81189
2.37579
1.94102
1.50793
1.07548
0.646476
0.213229
66.2229
62.1645
58.8619
56.9762
55.2456
53.3556
51.592
50.0994
48.8306
47.716
46.724
45.8406
45.0505
44.3342
43.6722
43.0478
42.4482
41.8637
41.2877
40.7156
40.1446
39.5728
38.9994
38.4239
37.8464
37.2674
36.6872
36.1064
35.5256
34.9452
34.3657
33.7876
33.2111
32.6365
32.0642
31.4942
30.9269
30.3622
29.8003
29.2414
28.6853
28.1322
27.5821
27.035
26.4908
25.9496
25.4114
24.8761
24.3436
23.8141
23.2873
22.7634
22.2422
21.7238
21.208
20.695
20.1845
19.6767
19.1714
18.6685
18.1682
17.6702
17.1747
16.6815
16.1906
15.7019
15.2155
14.7313
14.2493
13.7694
13.2915
12.8158
12.342
11.8703
11.4005
10.9327
10.4668
10.0028
9.5407
9.08038
8.62186
8.16511
7.7101
7.25679
6.80516
6.35518
5.90683
5.4601
5.01497
4.5714
4.12939
3.68889
3.24988
2.81232
2.37622
1.94142
1.50836
1.07588
0.647886
0.212182
64.6825
61.8625
59.0069
57.0332
55.2687
53.4346
51.7104
50.2239
48.9514
47.8329
46.8352
45.9432
45.1429
44.4165
43.7451
43.1122
42.5045
41.9125
41.3296
40.7513
40.1748
39.5982
39.0205
38.4414
37.8609
37.2792
36.6968
36.1141
35.5317
34.95
34.3694
33.7903
33.2131
32.6379
32.0651
31.4947
30.9271
30.3622
29.8001
29.241
28.6849
28.1317
27.5816
27.0344
26.4903
25.9491
25.4108
24.8755
24.3431
23.8136
23.2869
22.763
22.2418
21.7234
21.2077
20.6946
20.1842
19.6764
19.1711
18.6683
18.168
17.67
17.1745
16.6812
16.1903
15.7017
15.2153
14.7311
14.2491
13.7692
13.2914
12.8156
12.3419
11.8702
11.4004
10.9326
10.4668
10.0028
9.54062
9.08031
8.6218
8.16505
7.71004
7.25674
6.80511
6.35514
5.9068
5.46007
5.01494
4.57138
4.12937
3.68888
3.24988
2.81232
2.37622
1.94141
1.50843
1.076
0.649404
0.21021
63.6917
61.2461
58.6592
56.767
55.0932
53.3748
51.7271
50.2717
49.0116
47.903
46.9135
46.0264
45.2279
44.5013
43.8284
43.1928
42.5814
41.9849
41.3969
40.8133
40.2313
39.6494
39.0669
38.4832
37.8985
37.3131
36.7273
36.1415
35.5564
34.9722
34.3895
33.8085
33.2295
32.6528
32.0786
31.5071
30.9383
30.3725
29.8096
29.2497
28.6929
28.1392
27.5885
27.0409
26.4963
25.9547
25.4161
24.8804
24.3477
23.8179
23.2909
22.7667
22.2454
21.7267
21.2108
20.6976
20.187
19.679
19.1735
18.6706
18.1701
17.672
17.1764
16.683
16.192
15.7033
15.2168
14.7325
14.2504
13.7704
13.2925
12.8167
12.3429
11.8712
11.4014
10.9335
10.4676
10.0035
9.54133
9.08098
8.62243
8.16565
7.71061
7.25727
6.80562
6.35562
5.90725
5.46051
5.01536
4.5718
4.12978
3.68928
3.25027
2.8127
2.37657
1.94176
1.5088
1.07643
0.650547
0.209336
62.8944
60.5792
58.2589
56.5611
55
53.3608
51.7623
50.3281
49.077
47.9764
46.9955
46.1152
45.3203
44.5945
43.9203
43.2816
42.6659
42.0639
41.4699
40.8799
40.2916
39.7039
39.1158
38.5272
37.938
37.3485
36.759
36.1701
35.582
34.9953
34.4102
33.8271
33.2463
32.668
32.0924
31.5196
30.9497
30.3829
29.8191
29.2585
28.701
28.1467
27.5955
27.0474
26.5024
25.9605
25.4216
24.8856
24.3527
23.8226
23.2954
22.771
22.2495
21.7306
21.2146
20.7012
20.1904
19.6823
19.1767
18.6736
18.173
17.6748
17.1789
16.6855
16.1944
15.7055
15.219
14.7346
14.2524
13.7723
13.2943
12.8184
12.3445
11.8727
11.4028
10.9348
10.4688
10.0047
9.54244
9.08202
8.6234
8.16655
7.71144
7.25805
6.80634
6.35629
5.90788
5.46109
5.01591
4.57231
4.13026
3.68973
3.25069
2.81308
2.3769
1.94205
1.50892
1.07661
0.650114
0.209473
62.2831
60.057
57.9229
56.3791
54.9016
53.3152
51.7583
50.3542
49.1239
48.0399
47.0732
46.2038
45.4158
44.6932
44.0192
43.3785
42.7589
42.1519
41.552
40.9558
40.3615
39.7678
39.1743
38.5807
37.9871
37.3935
36.8004
36.2081
35.617
35.0275
34.4399
33.8546
33.2718
32.6916
32.1144
31.5401
30.9689
30.4008
29.836
29.2744
28.716
28.1609
27.609
27.0602
26.5146
25.9721
25.4326
24.8962
24.3628
23.8323
23.3046
22.7799
22.2579
21.7388
21.2224
20.7087
20.1976
19.6892
19.1833
18.68
18.1791
17.6806
17.1846
16.691
16.1996
15.7106
15.2238
14.7393
14.2569
13.7767
13.2985
12.8225
12.3485
11.8765
11.4065
10.9384
10.4723
10.008
9.54564
9.08511
8.62638
8.16943
7.71423
7.26074
6.80895
6.35882
5.91034
5.4635
5.01826
4.5746
4.1325
3.69191
3.25282
2.81516
2.37892
1.94403
1.51063
1.07836
0.650463
0.211247
61.8528
59.6798
57.6332
56.1703
54.7514
53.2131
51.7023
50.3388
49.1398
48.0787
47.1282
46.2697
45.4883
44.7685
44.0946
43.4519
42.8288
42.2173
41.6122
41.0105
40.4106
39.8117
39.2132
38.615
38.0172
37.4199
36.8235
36.2282
35.6345
35.0428
34.4532
33.8661
33.2818
32.7004
32.122
31.5467
30.9748
30.406
29.8407
29.2786
28.7198
28.1644
27.6122
27.0631
26.5173
25.9746
25.435
24.8984
24.3648
23.8342
23.3065
22.7816
22.2596
21.7403
21.2238
20.71
20.1989
19.6904
19.1844
18.681
18.18
17.6815
17.1854
16.6917
16.2003
15.7112
15.2244
14.7398
14.2574
13.7771
13.2989
12.8228
12.3487
11.8766
11.4066
10.9385
10.4723
10.008
9.54554
9.08495
8.62617
8.16917
7.71392
7.26039
6.80856
6.3584
5.9099
5.46304
5.01778
4.57411
4.132
3.69142
3.25233
2.8147
2.37847
1.94363
1.51011
1.07798
0.649299
0.211379
61.5986
59.4756
57.4961
56.0991
54.7268
53.216
51.7269
50.3861
49.2088
48.1652
47.2272
46.3768
45.5998
44.8815
44.2066
43.5611
42.9338
42.3168
41.7056
41.0973
40.4908
39.8852
39.2803
38.6761
38.0726
37.47
36.8687
36.269
35.6713
35.0758
34.4829
33.8929
33.3059
32.7221
32.1416
31.5644
30.9908
30.4206
29.8539
29.2906
28.7308
28.1743
27.6212
27.0714
26.5249
25.9815
25.4413
24.9042
24.3701
23.8391
23.3109
22.7857
22.2633
21.7438
21.227
20.7129
20.2016
19.6928
19.1867
18.683
18.1819
17.6833
17.187
16.6932
16.2017
15.7125
15.2255
14.7408
14.2583
13.7779
13.2996
12.8234
12.3493
11.8771
11.407
10.9388
10.4725
10.0082
9.54569
9.08503
8.62619
8.16913
7.71382
7.26025
6.80838
6.35819
5.90967
5.46278
5.01752
4.57385
4.13175
3.69119
3.25215
2.81459
2.37847
1.94377
1.51047
1.07853
0.650719
0.210975
61.5695
59.2665
57.2147
55.8771
54.5814
53.1121
51.643
50.32
49.163
48.1392
47.2182
46.3808
45.6132
44.901
44.2295
43.5852
42.9575
42.3393
41.7262
41.1158
40.507
39.8992
39.2921
38.6857
38.0802
37.4759
36.873
36.272
35.6731
35.0767
34.483
33.8922
33.3046
32.7203
32.1394
31.5619
30.988
30.4175
29.8506
29.2871
28.7271
28.1705
27.6172
27.0672
26.5205
25.977
25.4367
24.8994
24.3652
23.8341
23.3058
22.7805
22.2581
21.7385
21.2216
20.7075
20.1961
19.6873
19.1811
18.6775
18.1764
17.6777
17.1814
16.6876
16.1961
15.7068
15.2199
14.7352
14.2526
13.7722
13.294
12.8178
12.3436
11.8715
11.4013
10.9331
10.4669
10.0025
9.54
9.07933
8.62049
8.16342
7.70812
7.25456
6.8027
6.35254
5.90405
5.4572
5.01199
4.56838
4.12636
3.68591
3.24701
2.80964
2.37379
1.93941
1.50681
1.0753
0.650207
0.208158
62.759
60.0198
57.6014
56.0964
54.7453
53.2455
51.7486
50.4068
49.2442
48.2254
47.3151
46.4898
45.732
45.0256
44.3553
43.7082
43.0747
42.4486
41.8263
41.2063
40.5876
39.9701
39.3537
38.7384
38.1247
37.513
36.9035
36.2966
35.6927
35.092
34.4946
33.9007
33.3105
32.7239
32.1412
31.5623
30.9871
30.4156
29.8479
29.2838
28.7233
28.1662
27.6127
27.0625
26.5157
25.9721
25.4317
24.8944
24.3603
23.8291
23.301
22.7757
22.2534
21.7339
21.2172
20.7032
20.1919
19.6832
19.1771
18.6736
18.1726
17.674
17.1779
16.6841
16.1927
15.7035
15.2166
14.732
14.2495
13.7692
13.291
12.8148
12.3407
11.8686
11.3985
10.9304
10.4641
9.99978
9.5373
9.07666
8.61784
8.1608
7.70552
7.25198
6.80015
6.35002
5.90156
5.45476
5.0096
4.56605
4.12411
3.68376
3.24499
2.80778
2.37216
1.93801
1.50575
1.07423
0.647326
0.210577
67.9427
63.2152
59.3693
57.1258
55.2513
53.3433
51.5947
50.1132
48.8488
47.7351
46.7427
45.8593
45.0699
44.3545
43.6929
43.0682
42.4675
41.8815
41.3038
40.73
40.1572
39.5836
39.0084
38.4312
37.8521
37.2716
36.69
36.108
35.526
34.9447
34.3645
33.7857
33.2087
32.6338
32.0612
31.491
30.9235
30.3587
29.7968
29.2379
28.6818
28.1288
27.5787
27.0317
26.4876
25.9465
25.4083
24.8731
24.3407
23.8113
23.2846
22.7608
22.2397
21.7213
21.2057
20.6927
20.1823
19.6746
19.1693
18.6666
18.1663
17.6684
17.1729
16.6798
16.1889
15.7003
15.214
14.7298
14.2478
13.7679
13.2902
12.8144
12.3407
11.8691
11.3993
10.9316
10.4657
10.0017
9.5396
9.07931
8.62082
8.16409
7.7091
7.25581
6.8042
6.35425
5.90593
5.45922
5.01411
4.57057
4.12857
3.68809
3.2491
2.81155
2.37546
1.94069
1.50768
1.07516
0.646977
0.212272
64.6827
61.8628
59.0069
57.0328
55.2682
53.4346
51.7107
50.2243
48.9516
47.833
46.8352
45.9432
45.1429
44.4165
43.7451
43.1121
42.5045
41.9125
41.3296
40.7513
40.1748
39.5982
39.0205
38.4414
37.8609
37.2792
36.6968
36.1141
35.5317
34.95
34.3694
33.7903
33.2131
32.6379
32.0651
31.4947
30.9271
30.3622
29.8001
29.241
28.6849
28.1317
27.5816
27.0344
26.4903
25.9491
25.4108
24.8755
24.3431
23.8136
23.2869
22.7629
22.2418
21.7234
21.2077
20.6946
20.1842
19.6764
19.1711
18.6683
18.168
17.67
17.1745
16.6812
16.1904
15.7017
15.2153
14.7311
14.2491
13.7692
13.2914
12.8156
12.3419
11.8702
11.4004
10.9326
10.4668
10.0028
9.54062
9.08031
8.6218
8.16505
7.71004
7.25674
6.80511
6.35513
5.90679
5.46006
5.01493
4.57138
4.12937
3.68888
3.24988
2.81232
2.37622
1.94141
1.50844
1.076
0.649401
0.210207
63.1222
61.5578
59.1903
57.1148
55.2937
53.525
51.8683
50.4127
49.1508
48.0352
47.0325
46.1269
45.3067
44.5577
43.8641
43.211
42.5858
41.979
41.3838
40.7954
40.2106
39.6274
39.0445
38.4613
37.8775
37.2932
36.7087
36.1244
35.5406
34.9576
34.376
33.7961
33.2181
32.6422
32.0688
31.4979
30.9297
30.3644
29.802
29.2425
28.6861
28.1327
27.5824
27.0351
26.4909
25.9496
25.4113
24.8759
24.3435
23.8139
23.2872
22.7632
22.2421
21.7236
21.2079
20.6949
20.1844
19.6766
19.1714
18.6686
18.1682
17.6703
17.1747
16.6815
16.1906
15.702
15.2156
14.7314
14.2494
13.7695
13.2916
12.8159
12.3422
11.8704
11.4007
10.9329
10.467
10.003
9.54086
9.08055
8.62204
8.16529
7.71029
7.25698
6.80536
6.35538
5.90703
5.4603
5.01516
4.57161
4.1296
3.68912
3.25012
2.81255
2.37643
1.94161
1.50872
1.07663
0.651936
0.206389
62.1233
60.9357
58.8445
56.841
55.1065
53.471
51.9151
50.5045
49.2569
48.1469
47.1473
46.2419
45.4186
44.6643
43.9644
43.3045
42.6724
42.0586
41.4565
40.8614
40.2702
39.6811
39.0929
38.5049
37.9169
37.329
36.7413
36.1541
35.5678
34.9828
34.3992
33.8175
33.2379
32.6606
32.0859
31.5137
30.9444
30.378
29.8146
29.2543
28.697
28.1429
27.5918
27.0439
26.4991
25.9573
25.4185
24.8827
24.3498
23.8199
23.2928
22.7685
22.247
21.7283
21.2123
20.699
20.1884
19.6804
19.1749
18.6719
18.1714
17.6733
17.1776
16.6842
16.1931
15.7043
15.2178
14.7335
14.2514
13.7714
13.2935
12.8176
12.3438
11.872
11.4022
10.9343
10.4683
10.0043
9.54207
9.0817
8.62314
8.16635
7.71129
7.25795
6.80628
6.35626
5.90787
5.46111
5.01595
4.57237
4.13035
3.68985
3.25083
2.81324
2.37707
1.94223
1.5093
1.0775
0.653265
0.20473
61.3175
60.2523
58.435
56.6375
55.0239
53.4794
51.985
50.6007
49.3589
48.2502
47.2529
46.3495
45.5263
44.7699
44.0658
43.4001
42.7612
42.1401
41.5302
40.9274
40.3289
39.733
39.1387
38.5453
37.9527
37.3608
36.7697
36.1797
35.591
35.0038
34.4185
33.8352
33.2542
32.6756
32.0997
31.5265
30.9563
30.389
29.8248
29.2637
28.7058
28.1511
27.5996
27.0512
26.5059
25.9637
25.4246
24.8885
24.3554
23.8251
23.2978
22.7733
22.2517
21.7328
21.2166
20.7031
20.1923
19.6841
19.1785
18.6754
18.1747
17.6764
17.1806
16.687
16.1958
15.7069
15.2203
14.7359
14.2537
13.7735
13.2955
12.8196
12.3457
11.8738
11.4039
10.9359
10.4699
10.0057
9.54342
9.08297
8.62433
8.16746
7.71234
7.25892
6.80719
6.35711
5.90868
5.46186
5.01667
4.57305
4.13099
3.69046
3.25139
2.81374
2.37748
1.94256
1.50925
1.07763
0.651321
0.205688
60.6977
59.7165
58.0923
56.4594
54.9333
53.4447
51.9974
50.647
49.4261
48.3313
47.3447
46.4491
45.6303
44.8746
44.1685
43.4987
42.8543
42.2268
41.6102
41.0008
40.3959
39.7941
39.1944
38.5963
37.9994
37.4038
36.8094
36.2164
35.6251
35.0355
34.4479
33.8626
33.2798
32.6996
32.1221
31.5475
30.976
30.4075
29.8422
29.2802
28.7214
28.1658
27.6136
27.0645
26.5186
25.9758
25.4361
24.8995
24.3659
23.8353
23.3075
22.7827
22.2606
21.7413
21.2248
20.711
20.1999
19.6914
19.1855
18.6821
18.1811
17.6826
17.1865
16.6927
16.2013
15.7122
15.2254
14.7408
14.2584
13.7781
13.2999
12.8238
12.3497
11.8777
11.4076
10.9395
10.4734
10.0091
9.54668
9.08612
8.62736
8.17039
7.71516
7.26165
6.80983
6.35968
5.91118
5.46431
5.01905
4.57538
4.13326
3.69266
3.25353
2.81582
2.37943
1.94441
1.51053
1.07906
0.649471
0.208964
60.2608
59.3299
57.794
56.2433
54.7743
53.3345
51.9388
50.6366
49.4532
48.3846
47.4152
46.5294
45.7146
44.9584
44.2487
43.5735
42.9227
42.2885
41.6654
41.0498
40.4393
39.8325
39.2284
38.6264
38.0262
37.4276
36.8306
36.2352
35.6417
35.0501
34.4609
33.874
33.2897
32.7082
32.1296
31.5541
30.9817
30.4125
29.8467
29.2842
28.725
28.1691
27.6166
27.0673
26.5212
25.9782
25.4384
24.9017
24.368
23.8373
23.3094
22.7845
22.2624
21.743
21.2264
20.7126
20.2013
19.6928
19.1867
18.6832
18.1822
17.6836
17.1874
16.6936
16.2021
15.7129
15.226
14.7414
14.2589
13.7785
13.3003
12.8241
12.35
11.8779
11.4078
10.9396
10.4734
10.009
9.54655
9.08593
8.62712
8.17009
7.71481
7.26126
6.8094
6.35922
5.9107
5.4638
5.01853
4.57484
4.13272
3.69211
3.25297
2.81526
2.37885
1.94384
1.50966
1.07848
0.646946
0.209933
60.0018
59.1206
57.6568
56.1755
54.7524
53.3391
51.9669
50.6914
49.5337
48.4852
47.5289
46.6501
45.837
45.0786
44.3639
43.6822
43.0242
42.3824
41.752
41.1294
40.5125
39.8997
39.2901
38.683
38.0781
37.4751
36.8739
36.2746
35.6774
35.0825
34.49
33.9002
33.3132
32.7293
32.1485
31.571
30.9969
30.4262
29.859
29.2953
28.7351
28.1783
27.6249
27.0748
26.5281
25.9846
25.4443
24.907
24.3729
23.8418
23.3136
22.7883
22.2659
21.7462
21.2294
20.7153
20.2039
19.6951
19.1888
18.6852
18.184
17.6852
17.1889
16.695
16.2034
15.7142
15.2272
14.7424
14.2598
13.7793
13.301
12.8248
12.3506
11.8784
11.4082
10.94
10.4737
10.0093
9.54674
9.08604
8.62716
8.17007
7.71474
7.26112
6.80923
6.35901
5.91046
5.46355
5.01827
4.57457
4.13245
3.69186
3.25276
2.81512
2.37882
1.94396
1.51005
1.07929
0.649009
0.208475
59.9694
58.8996
57.3635
55.9541
54.6132
53.2367
51.8784
50.6185
49.4822
48.4561
47.5192
46.6553
45.8528
45.101
44.3897
43.7087
43.0497
42.4061
41.7733
41.1484
40.5291
39.9143
39.3027
38.6939
38.0873
37.4828
36.8802
36.2797
35.6813
35.0853
34.4918
33.9012
33.3134
32.7288
32.1475
31.5696
30.9951
30.4241
29.8566
29.2927
28.7322
28.1752
27.6216
27.0713
26.5244
25.9806
25.4401
24.9026
24.3683
23.8369
23.3085
22.783
22.2604
21.7407
21.2237
20.7094
20.1979
19.6889
19.1826
18.6789
18.1776
17.6789
17.1825
16.6886
16.197
15.7077
15.2206
14.7359
14.2532
13.7728
13.2945
12.8182
12.344
11.8719
11.4017
10.9335
10.4671
10.0027
9.5402
9.07951
8.62063
8.16355
7.70822
7.25463
6.80276
6.35258
5.90407
5.45722
5.01199
4.56838
4.12635
3.6859
3.24698
2.80959
2.37367
1.93929
1.50643
1.07629
0.651192
0.202637
61.1521
59.641
57.7067
56.1286
54.7535
53.362
51.9782
50.6945
49.5462
48.5196
47.5897
46.7358
45.9427
45.198
44.4902
43.8093
43.1475
42.4989
41.8595
41.227
40.5996
39.9763
39.3565
38.7396
38.1253
37.5137
36.9048
36.2986
35.6952
35.0949
34.4978
33.9041
33.3138
32.7272
32.1442
31.565
30.9895
30.4178
29.8498
29.2854
28.7246
28.1674
27.6137
27.0634
26.5164
25.9726
25.4321
24.8947
24.3604
23.8291
23.3009
22.7755
22.253
21.7334
21.2165
20.7024
20.191
19.6822
19.1761
18.6725
18.1714
17.6728
17.1766
16.6828
16.1913
15.7022
15.2153
14.7306
14.2482
13.7678
13.2896
12.8135
12.3394
11.8673
11.3972
10.9291
10.4628
9.99849
9.53603
9.0754
8.61659
8.15955
7.7043
7.25076
6.79896
6.34883
5.9004
5.45361
5.00847
4.56494
4.12303
3.6827
3.24397
2.80679
2.37123
1.93716
1.5051
1.0739
0.64841
0.20699
66.9396
62.602
59.0469
56.8999
55.1116
53.2974
51.6048
50.1463
48.8953
47.7943
46.8115
45.933
45.1451
44.4295
43.7666
43.1393
42.5349
41.9444
41.3619
40.7831
40.2054
39.6274
39.048
38.4669
37.8843
37.3005
36.716
36.1314
35.5471
34.9637
34.3816
33.8012
33.2227
32.6464
32.0726
31.5015
30.933
30.3675
29.8049
29.2452
28.6886
28.135
27.5845
27.037
26.4925
25.951
25.4125
24.877
24.3443
23.8146
23.2877
22.7636
22.2423
21.7238
21.208
20.6948
20.1843
19.6764
19.171
18.6681
18.1677
17.6697
17.1741
16.6808
16.1899
15.7012
15.2148
14.7306
14.2485
13.7686
13.2907
12.8149
12.3412
11.8694
11.3997
10.9319
10.466
10.002
9.5398
9.07948
8.62095
8.1642
7.70918
7.25587
6.80424
6.35427
5.90593
5.45921
5.0141
4.57055
4.12855
3.68806
3.24906
2.81151
2.37542
1.94063
1.50765
1.07512
0.647366
0.211762
63.692
61.2465
58.6591
56.766
55.0922
53.3748
51.7278
50.2725
49.0121
47.9031
46.9134
46.0262
45.2277
44.5011
43.8283
43.1927
42.5814
41.9849
41.397
40.8133
40.2314
39.6495
39.0669
38.4832
37.8985
37.313
36.7272
36.1415
35.5563
34.9722
34.3894
33.8084
33.2295
32.6528
32.0786
31.5071
30.9384
30.3725
29.8096
29.2498
28.6929
28.1392
27.5885
27.0409
26.4963
25.9547
25.4161
24.8804
24.3477
23.8179
23.2909
22.7667
22.2454
21.7267
21.2108
20.6976
20.187
19.679
19.1735
18.6706
18.1701
17.6721
17.1764
16.683
16.192
15.7033
15.2168
14.7325
14.2504
13.7704
13.2926
12.8167
12.3429
11.8712
11.4013
10.9335
10.4676
10.0035
9.54133
9.08098
8.62243
8.16565
7.7106
7.25727
6.80561
6.35561
5.90724
5.4605
5.01535
4.57179
4.12978
3.68928
3.25027
2.81269
2.37658
1.94176
1.50881
1.07643
0.650538
0.209328
62.1235
60.9359
58.8444
56.8403
55.1058
53.471
51.9157
50.5053
49.2575
48.1471
47.1473
46.2416
45.4183
44.664
43.9642
43.3044
42.6723
42.0586
41.4566
40.8615
40.2703
39.6812
39.0929
38.5049
37.9169
37.3289
36.7412
36.154
35.5678
34.9827
34.3992
33.8175
33.2379
32.6606
32.0859
31.5138
30.9445
30.378
29.8146
29.2543
28.697
28.1429
27.5919
27.0439
26.4991
25.9573
25.4185
24.8827
24.3498
23.8199
23.2928
22.7685
22.247
21.7283
21.2123
20.699
20.1884
19.6804
19.1749
18.6719
18.1714
17.6733
17.1776
16.6842
16.1931
15.7043
15.2178
14.7335
14.2514
13.7714
13.2935
12.8176
12.3438
11.872
11.4022
10.9343
10.4683
10.0043
9.54207
9.0817
8.62314
8.16635
7.71129
7.25794
6.80627
6.35625
5.90787
5.4611
5.01594
4.57236
4.13034
3.68984
3.25083
2.81324
2.37707
1.94223
1.5093
1.0775
0.653256
0.204725
61.1231
60.3224
58.515
56.5728
54.9162
53.4239
51.9867
50.631
49.3966
48.2854
47.2817
46.3707
45.5402
44.7775
44.0688
43.4004
42.7603
42.139
41.5298
40.9279
40.3304
39.7353
39.1416
38.5488
37.9567
37.3652
36.7745
36.1849
35.5965
35.0097
34.4246
33.8416
33.2608
32.6823
32.1064
31.5332
30.9628
30.3952
29.8308
29.2694
28.7112
28.1561
27.6042
27.0555
26.5099
25.9674
25.428
24.8916
24.3583
23.8278
23.3003
22.7757
22.2538
21.7348
21.2185
20.7049
20.194
19.6857
19.1801
18.6769
18.1761
17.6778
17.1819
16.6883
16.197
15.708
15.2214
14.7369
14.2546
13.7745
13.2965
12.8205
12.3466
11.8747
11.4048
10.9368
10.4707
10.0065
9.54425
9.0838
8.62516
8.16828
7.71316
7.25974
6.808
6.35791
5.90946
5.46263
5.01742
4.57379
4.13173
3.6912
3.25215
2.8145
2.37822
1.94331
1.51011
1.07871
0.653338
0.203941
60.3155
59.6399
58.1089
56.3719
54.8357
53.4421
52.0777
50.7541
49.5235
48.4077
47.4005
46.4879
45.6557
44.8899
44.1763
43.5015
42.8537
42.224
41.6058
40.9949
40.3886
39.7854
39.1844
38.5853
37.9878
37.392
36.7979
36.2055
35.6151
35.0266
34.4404
33.8564
33.2748
32.6956
32.1191
31.5453
30.9743
30.4062
29.8411
29.2792
28.7204
28.1648
27.6124
27.0632
26.5172
25.9744
25.4346
24.898
24.3643
23.8337
23.3059
22.7811
22.259
21.7398
21.2234
20.7096
20.1986
19.6902
19.1844
18.6811
18.1802
17.6817
17.1856
16.6919
16.2005
15.7114
15.2246
14.74
14.2577
13.7774
13.2993
12.8232
12.3492
11.8772
11.4072
10.9391
10.4729
10.0086
9.54625
9.08571
8.62696
8.17
7.71478
7.26129
6.80946
6.3593
5.91078
5.4639
5.01863
4.57496
4.13285
3.69227
3.25313
2.81539
2.37892
1.94382
1.50979
1.07852
0.648069
0.20754
59.6918
59.1022
57.769
56.2008
54.7527
53.4173
52.1054
50.8197
49.6096
48.5044
47.5043
46.5967
45.7669
45.0005
44.2836
43.6032
42.9486
42.3112
41.6852
41.0665
40.4529
39.8431
39.2364
38.6322
38.0306
37.4312
36.834
36.2392
35.6465
35.0562
34.4682
33.8826
33.2996
32.719
32.1412
31.5661
30.9939
30.4246
29.8585
29.2956
28.7359
28.1794
27.6262
27.0763
26.5297
25.9862
25.4459
24.9087
24.3747
23.8436
23.3154
22.7902
22.2679
21.7483
21.2316
20.7176
20.2063
19.6976
19.1915
18.6879
18.1868
17.6881
17.1918
16.6979
16.2063
15.717
15.23
14.7452
14.2627
13.7823
13.304
12.8278
12.3536
11.8814
11.4113
10.943
10.4768
10.0124
9.54984
9.08917
8.63032
8.17324
7.71793
7.26432
6.81242
6.36218
5.9136
5.46665
5.02133
4.57759
4.13542
3.69475
3.25553
2.81767
2.38099
1.94565
1.51057
1.0794
0.64265
0.213673
59.2514
58.7142
57.4723
55.9864
54.5931
53.3063
52.0501
50.8182
49.6498
48.5725
47.5895
46.6905
45.8627
45.0931
44.3697
43.6808
43.017
42.3705
41.736
41.1099
40.4901
39.875
39.2641
38.6566
38.0522
37.4505
36.8516
36.255
35.6609
35.0691
34.4799
33.893
33.3087
32.727
32.1481
31.572
30.999
30.429
29.8623
29.2988
28.7387
28.1819
27.6285
27.0784
26.5316
25.988
25.4476
24.9104
24.3763
23.8451
23.317
22.7917
22.2693
21.7497
21.233
20.7189
20.2075
19.6987
19.1926
18.6889
18.1878
17.689
17.1926
16.6986
16.207
15.7177
15.2306
14.7458
14.2632
13.7827
13.3043
12.828
12.3538
11.8816
11.4114
10.943
10.4767
10.0122
9.54968
9.08893
8.63004
8.1729
7.71755
7.26389
6.81198
6.3617
5.91312
5.46614
5.02082
4.57705
4.13487
3.69417
3.25493
2.81702
2.38026
1.94486
1.50923
1.07844
0.63819
0.215958
58.989
58.5036
57.3368
55.9209
54.573
53.313
52.0827
50.8813
49.7422
48.6873
47.718
46.8246
45.9962
45.2209
44.4886
43.7893
43.1148
42.458
41.8144
41.1804
40.5539
39.9334
39.3179
38.7063
38.0985
37.4935
36.8915
36.2919
35.6948
35.1
34.5078
33.9181
33.3311
32.7469
32.1657
31.5876
31.0127
30.4412
29.8731
29.3085
28.7474
28.1897
27.6356
27.0848
26.5375
25.9934
25.4527
24.915
24.3805
23.8491
23.3206
22.7951
22.2725
21.7526
21.2356
20.7213
20.2097
19.7007
19.1944
18.6905
18.1892
17.6903
17.1939
16.6998
16.2081
15.7187
15.2316
14.7466
14.264
13.7834
13.305
12.8286
12.3543
11.882
11.4118
10.9434
10.477
10.0125
9.54987
9.08906
8.63011
8.17291
7.71751
7.26381
6.81186
6.36155
5.91295
5.46596
5.02063
4.57685
4.13467
3.69398
3.25477
2.81693
2.38028
1.94507
1.50976
1.07968
0.640869
0.213603
58.9547
58.2811
57.0391
55.6972
54.4351
53.2102
51.9893
50.8015
49.685
48.6553
47.7085
46.8328
46.0167
45.249
44.52
43.8207
43.1441
42.4843
41.8375
41.2006
40.5718
39.9494
39.3324
38.7195
38.1105
37.5044
36.9012
36.3002
35.7017
35.1055
34.5118
33.9206
33.3323
32.7468
32.1646
31.5856
31.0101
30.4379
29.8695
29.3045
28.7432
28.1854
27.6312
27.0802
26.5328
25.9886
25.4477
24.9099
24.3753
23.8436
23.315
22.7893
22.2665
21.7464
21.2293
20.7147
20.203
19.6939
19.1874
18.6834
18.182
17.683
17.1866
16.6924
16.2007
15.7112
15.2241
14.7392
14.2565
13.7759
13.2975
12.8211
12.3469
11.8746
11.4043
10.936
10.4696
10.0051
9.54248
9.08166
8.62274
8.16553
7.71016
7.25646
6.80455
6.35427
5.90573
5.45878
5.01353
4.56983
4.12777
3.68722
3.24825
2.81073
2.37465
1.94015
1.50656
1.07754
0.647966
0.202839
60.1296
59.0099
57.3719
55.8783
54.5948
53.3523
52.0946
50.8724
49.7375
48.7052
47.7656
46.9012
46.0961
45.3362
44.6111
43.9115
43.2313
42.5655
41.9111
41.2658
40.6284
39.9973
39.3721
38.7515
38.1353
37.5226
36.9134
36.3071
35.704
35.1037
34.5067
33.9127
33.3221
32.7349
32.1513
31.5714
30.9953
30.4229
29.8544
29.2896
28.7285
28.171
27.6172
27.0667
26.5197
25.9759
25.4354
24.8979
24.3636
23.8323
23.304
22.7785
22.256
21.7361
21.2192
20.7049
20.1934
19.6844
19.1782
18.6744
18.1732
17.6744
17.1781
16.6842
16.1927
15.7034
15.2165
14.7317
14.2492
13.7688
13.2906
12.8144
12.3402
11.8681
11.398
10.9298
10.4635
9.9991
9.5366
9.0759
8.61705
8.15995
7.70466
7.25107
6.79923
6.34905
5.90059
5.45375
5.00858
4.56502
4.12309
3.68273
3.24399
2.8068
2.37124
1.93723
1.50528
1.07439
0.649539
0.204872
66.144
61.9568
58.6682
56.7011
55.0132
53.2686
51.6198
50.1838
48.9471
47.8594
46.8883
46.0177
45.234
44.5198
43.8563
43.2268
42.6187
42.0233
41.4349
40.85
40.2662
39.6824
39.0976
38.5117
37.9247
37.3369
36.7488
36.161
35.5738
34.9878
34.4033
33.8208
33.2406
32.6627
32.0875
31.5151
30.9455
30.379
29.8155
29.2551
28.6978
28.1436
27.5925
27.0445
26.4996
25.9577
25.4188
24.883
24.35
23.82
23.2928
22.7685
22.247
21.7282
21.2122
20.6988
20.1881
19.68
19.1745
18.6714
18.1708
17.6727
17.177
16.6836
16.1925
15.7037
15.2171
14.7328
14.2506
13.7705
13.2926
12.8167
12.3429
11.871
11.4012
10.9333
10.4673
10.0032
9.54097
9.08057
8.62197
8.16514
7.71005
7.25667
6.80498
6.35496
5.90657
5.45981
5.01465
4.57106
4.12902
3.6885
3.24947
2.81188
2.37575
1.94094
1.50786
1.07533
0.647247
0.211749
62.8947
60.5795
58.2587
56.5602
54.9992
53.361
51.7632
50.3291
49.0774
47.9763
46.9952
46.1148
45.32
44.5943
43.9202
43.2816
42.6659
42.064
41.47
40.88
40.2917
39.7039
39.1158
38.5271
37.9379
37.3484
36.7589
36.17
35.5819
34.9952
34.4102
33.8271
33.2463
32.6681
32.0924
31.5196
30.9498
30.3829
29.8191
29.2585
28.701
28.1467
27.5955
27.0474
26.5024
25.9605
25.4216
24.8856
24.3527
23.8226
23.2954
22.771
22.2495
21.7306
21.2146
20.7012
20.1904
19.6823
19.1767
18.6736
18.173
17.6748
17.179
16.6855
16.1944
15.7056
15.219
14.7346
14.2524
13.7723
13.2943
12.8184
12.3445
11.8727
11.4028
10.9348
10.4688
10.0047
9.54244
9.08201
8.62339
8.16654
7.71143
7.25803
6.80632
6.35627
5.90786
5.46107
5.01589
4.5723
4.13025
3.68972
3.25068
2.81307
2.3769
1.94205
1.50893
1.07661
0.6501
0.209466
61.3178
60.2525
58.4349
56.6366
55.0229
53.4795
51.9863
50.6022
49.3599
48.2505
47.2526
46.3488
45.5255
44.7691
44.0652
43.3998
42.7612
42.1402
41.5305
40.9277
40.3292
39.7333
39.1389
38.5454
37.9527
37.3607
36.7696
36.1795
35.5908
35.0036
34.4183
33.8351
33.2541
32.6756
32.0997
31.5266
30.9563
30.3891
29.8249
29.2638
28.7059
28.1512
27.5996
27.0512
26.5059
25.9637
25.4246
24.8885
24.3554
23.8251
23.2978
22.7733
22.2517
21.7327
21.2166
20.7031
20.1923
19.6841
19.1785
18.6754
18.1747
17.6765
17.1806
16.6871
16.1959
15.707
15.2203
14.7359
14.2537
13.7736
13.2956
12.8196
12.3457
11.8738
11.4039
10.9359
10.4699
10.0057
9.54342
9.08298
8.62433
8.16746
7.71233
7.25891
6.80718
6.3571
5.90866
5.46185
5.01664
4.57303
4.13098
3.69045
3.25139
2.81375
2.37748
1.94257
1.50925
1.07763
0.651303
0.205678
60.3156
59.64
58.1089
56.3715
54.8351
53.4422
52.0786
50.7553
49.5244
48.408
47.4003
46.4873
45.6548
44.889
44.1756
43.501
42.8535
42.2241
41.6061
40.9953
40.389
39.7858
39.1847
38.5855
37.988
37.392
36.7978
36.2054
35.6149
35.0265
34.4402
33.8562
33.2746
32.6955
32.1191
31.5453
30.9743
30.4062
29.8412
29.2792
28.7205
28.1649
27.6125
27.0633
26.5173
25.9744
25.4347
24.898
24.3643
23.8337
23.3059
22.781
22.259
21.7398
21.2233
20.7096
20.1986
19.6902
19.1844
18.6811
18.1802
17.6817
17.1857
16.6919
16.2005
15.7114
15.2246
14.74
14.2577
13.7774
13.2993
12.8232
12.3492
11.8772
11.4072
10.9391
10.4729
10.0086
9.54626
9.08571
8.62697
8.17001
7.71479
7.26128
6.80946
6.35929
5.91077
5.46388
5.01861
4.57494
4.13283
3.69226
3.25313
2.8154
2.37893
1.94383
1.5098
1.07852
0.648051
0.207526
59.5072
58.9559
57.6976
56.1634
54.7505
53.466
52.1872
50.9025
49.6742
48.5475
47.5306
46.6123
45.7767
45.0076
44.2897
43.6089
42.9536
42.3149
41.6868
41.0653
40.4485
39.8352
39.2251
38.618
38.0139
37.4128
36.8147
36.2195
35.6271
35.0375
34.4507
33.8664
33.2848
32.7057
32.1292
31.5553
30.9842
30.4159
29.8506
29.2883
28.7291
28.1731
27.6202
27.0706
26.5242
25.9809
25.4408
24.9038
24.3699
23.839
23.311
22.786
22.2638
21.7445
21.2279
20.7141
20.203
19.6945
19.1886
18.6852
18.1843
17.6857
17.1895
16.6957
16.2041
15.7149
15.228
14.7434
14.2609
13.7806
13.3024
12.8262
12.3521
11.88
11.4099
10.9417
10.4754
10.0111
9.54858
9.08792
8.62908
8.17202
7.71671
7.2631
6.81119
6.36094
5.91234
5.46538
5.02005
4.57632
4.13416
3.69351
3.2543
2.81642
2.37966
1.9442
1.50871
1.07742
0.638283
0.214401
58.8816
58.4156
57.3543
55.9899
54.669
53.4491
52.2306
50.9884
49.7799
48.6597
47.6451
46.7281
45.8929
45.1222
44.4007
43.714
43.0515
42.4043
41.7674
41.137
40.5118
39.8907
39.2739
38.661
38.0523
37.4473
36.8463
36.2488
35.6548
35.0637
34.4757
33.8903
33.3078
32.7277
32.1503
31.5754
31.0034
30.4341
29.8678
29.3045
28.7444
28.1874
27.6337
27.0832
26.5361
25.9921
25.4514
24.9138
24.3795
23.8481
23.3198
22.7943
22.2719
21.7522
21.2354
20.7212
20.2099
19.7012
19.1951
18.6915
18.1904
17.6916
17.1952
16.7012
16.2096
15.7202
15.2332
14.7483
14.2657
13.7852
13.3069
12.8306
12.3564
11.8841
11.4139
10.9456
10.4792
10.0147
9.55214
9.09134
8.63243
8.17523
7.71985
7.26613
6.81417
6.36382
5.91519
5.46814
5.02277
4.57895
4.13675
3.69599
3.25668
2.81861
2.38153
1.94568
1.50861
1.07735
0.629471
0.222621
58.4389
58.0262
57.0559
55.7737
54.5067
53.3371
52.1782
50.9941
49.8297
48.7376
47.7388
46.829
45.9945
45.2196
44.4902
43.7939
43.1207
42.4633
41.8167
41.178
40.5458
39.9192
39.2979
38.6817
38.0703
37.4635
36.8609
36.2621
35.6668
35.0747
34.4856
33.8992
33.3155
32.7344
32.156
31.5802
31.0074
30.4374
29.8705
29.3068
28.7463
28.189
27.6352
27.0846
26.5373
25.9933
25.4526
24.915
24.3806
23.8492
23.3209
22.7955
22.273
21.7533
21.2364
20.7223
20.2108
19.702
19.1958
18.6921
18.1909
17.6921
17.1957
16.7016
16.2099
15.7205
15.2334
14.7485
14.2658
13.7853
13.3069
12.8305
12.3562
11.8839
11.4136
10.9452
10.4788
10.0143
9.5516
9.09079
8.63179
8.17458
7.71914
7.26542
6.81341
6.36308
5.91441
5.46738
5.02198
4.57817
4.13591
3.69514
3.25574
2.81763
2.38039
1.94445
1.50652
1.07588
0.62334
0.225502
58.1739
57.8131
56.9185
55.7077
54.4883
53.3475
52.2164
51.0652
49.9322
48.8637
47.8784
46.9732
46.1359
45.3528
44.6117
43.902
43.2154
42.5457
41.8886
41.2414
40.6025
39.971
39.346
38.727
38.1133
37.5042
36.8993
36.2981
35.7001
35.1051
34.5129
33.9235
33.3367
32.7527
32.1716
31.5935
31.0185
30.4468
29.8784
29.3135
28.7521
28.1942
27.6398
27.0888
26.5413
25.9971
25.4562
24.9185
24.3839
23.8524
23.3239
22.7984
22.2757
21.7559
21.2388
20.7245
20.2129
19.7039
19.1975
18.6936
18.1922
17.6933
17.1968
16.7027
16.2109
15.7214
15.2342
14.7492
14.2665
13.7859
13.3074
12.831
12.3566
11.8843
11.4139
10.9455
10.479
10.0145
9.55175
9.09089
8.63184
8.1746
7.7191
7.26536
6.81331
6.36297
5.91428
5.46725
5.02184
4.57802
4.13575
3.69498
3.25561
2.81756
2.38044
1.94472
1.50708
1.07746
0.625707
0.22289
58.1382
57.5885
56.6135
55.4759
54.347
53.2432
52.1204
50.9822
49.8736
48.8335
47.8738
46.9883
46.1637
45.3871
44.6469
43.9344
43.2428
42.5677
41.9058
41.2552
40.6143
39.9821
39.3572
38.7388
38.1258
37.5173
36.9125
36.3109
35.712
35.1156
34.5217
33.9302
33.3414
32.7554
32.1724
31.5927
31.0163
30.4435
29.8743
29.3088
28.747
28.1888
27.6343
27.0833
26.5357
25.9915
25.4506
24.9129
24.3783
23.8467
23.3181
22.7924
22.2695
21.7495
21.2322
20.7177
20.2058
19.6966
19.19
18.6859
18.1844
17.6853
17.1887
16.6945
16.2027
15.7132
15.226
14.741
14.2582
13.7776
13.2991
12.8227
12.3484
11.8761
11.4057
10.9373
10.4709
10.0063
9.54365
9.0828
8.62379
8.16654
7.71109
7.25736
6.80537
6.35505
5.90644
5.45946
5.01414
4.5704
4.12828
3.68768
3.24861
2.81098
2.37463
1.93993
1.50475
1.07672
0.637099
0.207903
59.3093
58.3191
56.9502
55.6619
54.5097
53.3803
52.2111
51.0336
49.908
48.8708
47.9246
47.0559
46.2451
45.4768
44.7384
44.0222
43.3228
42.6377
41.9648
41.3037
40.653
40.0123
39.38
38.7556
38.1371
37.5241
36.9151
36.3099
35.7076
35.1083
34.5116
33.9179
33.327
32.7395
32.1551
31.5746
30.9977
30.4248
29.8555
29.2904
28.7289
28.1715
27.6174
27.0672
26.5201
25.9767
25.4362
24.8991
24.3649
23.8338
23.3055
22.7802
22.2575
21.7378
21.2206
20.7063
20.1946
19.6856
19.1791
18.6753
18.1739
17.6751
17.1786
16.6847
16.193
15.7038
15.2167
14.732
14.2494
13.7691
13.2908
12.8147
12.3405
11.8684
11.3982
10.9301
10.4637
9.99939
9.5368
9.07617
8.61723
8.16018
7.70479
7.25124
6.79931
6.34917
5.90062
5.45382
5.00857
4.56505
4.12304
3.68273
3.24392
2.80678
2.37115
1.93724
1.50505
1.07446
0.648414
0.204532
65.5339
61.4457
58.3412
56.5191
54.9109
53.2178
51.6097
50.2036
48.989
47.9195
46.9634
46.1038
45.3269
44.6161
43.9534
43.3226
42.7113
42.1112
41.517
40.9259
40.3359
39.746
39.1557
38.5647
37.9731
37.3811
36.7893
36.1981
35.6078
35.0191
34.4322
33.8475
33.2653
32.6857
32.1089
31.535
30.9642
30.3966
29.832
29.2707
28.7126
28.1576
27.6058
27.0572
26.5116
25.9692
25.4298
24.8935
24.3601
23.8296
23.3021
22.7773
22.2555
21.7364
21.22
20.7063
20.1953
19.6869
19.1811
18.6778
18.177
17.6787
17.1827
16.6891
16.1978
15.7088
15.2221
14.7376
14.2552
13.775
13.2969
12.8208
12.3469
11.8749
11.4049
10.9368
10.4707
10.0065
9.54417
9.08365
8.62494
8.168
7.71281
7.25934
6.80756
6.35745
5.90899
5.46216
5.01693
4.57328
4.13119
3.69062
3.25154
2.81391
2.37772
1.94287
1.50962
1.07708
0.648137
0.212911
62.2833
60.0572
57.9231
56.3787
54.9012
53.3154
51.7591
50.3549
49.1241
48.0397
47.0728
46.2033
45.4155
44.693
44.0191
43.3785
42.759
42.152
41.5521
40.9559
40.3616
39.7679
39.1743
38.5807
37.987
37.3934
36.8002
36.2079
35.6169
35.0274
34.4399
33.8546
33.2718
32.6917
32.1144
31.5401
30.9689
30.4009
29.836
29.2744
28.716
28.1609
27.609
27.0602
26.5146
25.9721
25.4326
24.8962
24.3628
23.8323
23.3046
22.7799
22.2579
21.7388
21.2224
20.7087
20.1976
19.6892
19.1833
18.68
18.1791
17.6807
17.1847
16.691
16.1997
15.7106
15.2239
14.7393
14.2569
13.7767
13.2986
12.8225
12.3485
11.8765
11.4064
10.9384
10.4722
10.008
9.54564
9.0851
8.62637
8.16942
7.71421
7.26072
6.80892
6.35879
5.91031
5.46346
5.01822
4.57457
4.13247
3.69189
3.2528
2.81515
2.37891
1.94402
1.51062
1.07836
0.650446
0.211237
60.6979
59.7167
58.0926
56.4589
54.9325
53.4447
51.9985
50.6485
49.427
48.3314
47.3441
46.4481
45.6292
44.8736
44.1677
43.4983
42.8543
42.227
41.6107
41.0013
40.3964
39.7945
39.1947
38.5964
37.9995
37.4037
36.8092
36.2162
35.6248
35.0352
34.4477
33.8625
33.2797
32.6995
32.1221
31.5475
30.976
30.4076
29.8423
29.2803
28.7215
28.1659
27.6136
27.0645
26.5186
25.9758
25.4362
24.8995
24.3659
23.8353
23.3075
22.7826
22.2606
21.7413
21.2248
20.711
20.1999
19.6914
19.1855
18.6821
18.1811
17.6826
17.1865
16.6928
16.2014
15.7122
15.2254
14.7408
14.2584
13.7781
13.2999
12.8238
12.3498
11.8777
11.4076
10.9395
10.4734
10.0091
9.54668
9.08612
8.62736
8.17038
7.71515
7.26163
6.80981
6.35965
5.91114
5.46427
5.01901
4.57534
4.13323
3.69264
3.25352
2.81581
2.37943
1.94442
1.51054
1.07906
0.64944
0.208941
59.6921
59.1025
57.7694
56.2003
54.7518
53.4173
52.1066
50.8215
49.611
48.5048
47.5037
46.5953
45.7652
44.9988
44.2822
43.6024
42.9484
42.3115
41.6858
41.0674
40.4539
39.844
39.2371
38.6328
38.0308
37.4312
36.8339
36.2389
35.6462
35.0558
34.4678
33.8823
33.2993
32.7188
32.141
31.566
30.9939
30.4247
29.8586
29.2957
28.736
28.1795
27.6264
27.0764
26.5298
25.9863
25.446
24.9088
24.3747
23.8436
23.3155
22.7902
22.2679
21.7483
21.2316
20.7176
20.2062
19.6976
19.1915
18.6879
18.1868
17.6881
17.1918
16.6979
16.2063
15.717
15.23
14.7452
14.2627
13.7823
13.304
12.8278
12.3536
11.8814
11.4113
10.943
10.4768
10.0124
9.54986
9.08918
8.63033
8.17325
7.71793
7.26432
6.8124
6.36215
5.91357
5.46661
5.02128
4.57755
4.13539
3.69473
3.25553
2.81768
2.38101
1.94568
1.51059
1.0794
0.642611
0.213639
58.8817
58.4158
57.3545
55.9895
54.6683
53.4491
52.2314
50.9896
49.7809
48.66
47.6446
46.727
45.8916
45.1209
44.3997
43.7135
43.0514
42.4046
41.768
41.1378
40.5126
39.8915
39.2746
38.6615
38.0526
37.4474
36.8463
36.2486
35.6545
35.0633
34.4754
33.89
33.3075
32.7275
32.1502
31.5753
31.0034
30.4341
29.8679
29.3045
28.7445
28.1875
27.6338
27.0833
26.5362
25.9922
25.4515
24.9139
24.3795
23.8481
23.3198
22.7943
22.2719
21.7521
21.2354
20.7212
20.2099
19.7012
19.1951
18.6914
18.1903
17.6916
17.1952
16.7012
16.2096
15.7202
15.2331
14.7483
14.2657
13.7852
13.3069
12.8306
12.3564
11.8841
11.4139
10.9456
10.4792
10.0147
9.55216
9.09136
8.63245
8.17524
7.71986
7.26613
6.81416
6.3638
5.91516
5.4681
5.02274
4.57892
4.13673
3.69598
3.25668
2.81862
2.38156
1.94571
1.50863
1.07735
0.629444
0.2226
58.2537
57.8723
57.0072
55.8152
54.5908
53.4433
52.2924
51.0967
49.9069
48.788
47.7693
46.8488
46.0108
45.2375
44.5118
43.8197
43.1499
42.4944
41.8481
41.2083
40.5736
39.944
39.3194
38.7
38.0858
37.4769
36.8727
36.2731
35.6775
35.0857
34.497
33.9113
33.3283
32.748
32.1701
31.5948
31.0221
30.4522
29.885
29.321
28.7599
28.2021
27.6475
27.0962
26.5482
26.0036
25.4621
24.9239
24.3889
23.857
23.3281
22.8023
22.2794
21.7594
21.2422
20.7279
20.2162
19.7073
19.2009
18.6971
18.1958
17.6969
17.2004
16.7062
16.2144
15.725
15.2378
14.7528
14.2701
13.7896
13.3111
12.8348
12.3604
11.8881
11.4177
10.9494
10.4829
10.0183
9.55558
9.09474
8.63568
8.17844
7.72291
7.26915
6.81706
6.36668
5.91792
5.47086
5.02539
4.58155
4.13923
3.69843
3.25894
2.82072
2.3832
1.94688
1.50778
1.07671
0.618921
0.231173
57.8087
57.4807
56.7078
55.5989
54.4301
53.3349
52.247
51.1125
49.9678
48.8761
47.8712
46.9558
46.1171
45.3385
44.6046
43.9022
43.2214
42.5549
41.8984
41.2496
40.6075
39.9717
39.3423
38.7192
38.1024
37.4913
36.8855
36.2846
35.6878
35.0948
34.505
33.9182
33.3341
32.7527
32.1739
31.5977
31.0242
30.4536
29.886
29.3216
28.7603
28.2024
27.6478
27.0965
26.5486
26.0039
25.4626
24.9245
24.3895
23.8577
23.3289
22.803
22.2802
21.7601
21.2429
20.7285
20.2168
19.7077
19.2013
18.6974
18.1959
17.697
17.2004
16.7062
16.2144
15.7248
15.2376
14.7526
14.2698
13.7892
13.3107
12.8343
12.3599
11.8875
11.4172
10.9487
10.4822
10.0176
9.55482
9.09392
8.63485
8.17755
7.72203
7.26823
6.81614
6.36573
5.917
5.46991
5.02444
4.58056
4.13822
3.69735
3.2578
2.81949
2.3818
1.94531
1.50523
1.07499
0.612161
0.233788
57.5413
57.2649
56.5687
55.5338
54.4148
53.3495
52.2904
51.1902
50.0784
49.0109
48.0195
47.1076
46.2644
45.4753
44.7272
44.009
43.3124
42.6318
41.9636
41.3057
40.6571
40.0171
39.3851
38.7605
38.1426
37.5304
36.9234
36.3207
35.7216
35.1258
34.5329
33.9427
33.3551
32.7702
32.1882
31.609
31.0331
30.4604
29.8911
29.3254
28.7632
28.2046
27.6496
27.0981
26.5502
26.0056
25.4643
24.9263
24.3915
23.8597
23.331
22.8052
22.2823
21.7622
21.2449
20.7303
20.2185
19.7093
19.2027
18.6986
18.1971
17.6979
17.2013
16.707
16.2151
15.7255
15.2382
14.7532
14.2704
13.7897
13.3111
12.8347
12.3603
11.8878
11.4174
10.9489
10.4824
10.0177
9.55495
9.094
8.6349
8.17756
7.72201
7.26817
6.81609
6.36566
5.91693
5.46982
5.02436
4.58046
4.13812
3.69723
3.25772
2.81946
2.38189
1.94563
1.50573
1.07681
0.613654
0.231344
57.5047
57.0388
56.259
55.2975
54.2738
53.2482
52.1968
51.109
50.0232
48.9871
48.0242
47.1338
46.3036
45.5195
44.7692
44.0443
43.3387
42.6491
41.9734
41.3107
40.6597
40.0197
39.3893
38.7674
38.1522
37.5428
36.9376
36.3359
35.7368
35.1401
34.5455
33.9531
33.3629
32.7754
32.1907
31.6093
31.0312
30.4569
29.8863
29.3196
28.7568
28.1979
27.6427
27.0913
26.5434
25.999
25.4578
24.92
24.3852
23.8536
23.3248
22.799
22.2759
21.7557
21.2381
20.7234
20.2113
19.7019
19.195
18.6907
18.1889
17.6897
17.1929
16.6986
16.2066
15.717
15.2296
14.7446
14.2617
13.7811
13.3025
12.8261
12.3517
11.8793
11.4089
10.9405
10.4739
10.0094
9.54658
9.08573
8.62658
8.16935
7.71376
7.26003
6.80791
6.3576
5.90885
5.46189
5.01643
4.57271
4.13045
3.68985
3.25059
2.81293
2.37619
1.94132
1.50414
1.07739
0.626481
0.214529
58.6733
57.7702
56.5947
55.4785
54.4305
53.3772
52.2751
51.1454
50.0447
49.0169
48.075
47.2076
46.3957
45.621
44.8713
44.1392
43.4214
42.717
42.0264
41.3495
40.6867
40.0368
39.399
38.7711
38.1517
37.5386
36.9306
36.3262
35.7247
35.1256
34.5288
33.9342
33.3423
32.7531
32.1673
31.5849
31.0066
30.432
29.8618
29.2956
28.7336
28.1754
27.6213
27.0708
26.524
25.9805
25.4404
24.9034
24.3694
23.8383
23.3102
22.7847
22.2621
21.7422
21.225
20.7105
20.1986
19.6894
19.1827
18.6786
18.1771
17.6781
17.1815
16.6874
16.1957
15.7063
15.2192
14.7344
14.2518
13.7714
13.2931
12.8169
12.3428
11.8706
11.4005
10.9322
10.466
10.0015
9.539
9.07824
8.61934
8.16218
7.70682
7.25315
6.80125
6.351
5.90247
5.45556
5.01035
4.56671
4.12474
3.68433
3.24555
2.80833
2.37271
1.93869
1.5062
1.07551
0.647275
0.206472
65.1033
61.0754
58.0632
56.3238
54.775
53.1289
51.5626
50.1919
49.0046
47.9556
47.015
46.167
45.398
44.6918
44.031
43.3997
42.7859
42.1817
41.5823
40.9853
40.3893
39.7936
39.1977
38.6017
38.0055
37.4096
36.8142
36.2198
35.6269
35.0358
34.4469
33.8604
33.2766
32.6956
32.1177
31.5429
30.9713
30.4029
29.8378
29.2759
28.7173
28.1619
27.6098
27.0609
26.5151
25.9724
25.4328
24.8963
24.3627
23.8321
23.3044
22.7796
22.2576
21.7384
21.2219
20.7082
20.1971
19.6886
19.1827
18.6793
18.1784
17.68
17.184
16.6903
16.1989
15.7099
15.2231
14.7385
14.2561
13.7758
13.2976
12.8215
12.3475
11.8754
11.4054
10.9373
10.4711
10.0068
9.54441
9.08383
8.62506
8.16807
7.71282
7.2593
6.80748
6.35734
5.90884
5.46199
5.01674
4.57308
4.13098
3.69041
3.25134
2.81373
2.37756
1.94275
1.50945
1.07696
0.647631
0.212873
61.8529
59.68
57.6333
56.1701
54.7512
53.2133
51.7028
50.3392
49.1398
48.0784
47.1278
46.2694
45.488
44.7684
44.0945
43.4519
42.8289
42.2174
41.6123
41.0106
40.4107
39.8117
39.2132
38.615
38.0171
37.4198
36.8234
36.2282
35.6345
35.0428
34.4532
33.8662
33.2818
32.7004
32.122
31.5468
30.9748
30.406
29.8407
29.2786
28.7198
28.1643
27.6121
27.0631
26.5173
25.9746
25.435
24.8984
24.3649
23.8342
23.3065
22.7816
22.2596
21.7403
21.2238
20.71
20.1989
19.6904
19.1844
18.681
18.1801
17.6816
17.1855
16.6918
16.2004
15.7113
15.2245
14.7398
14.2574
13.7771
13.2989
12.8228
12.3487
11.8766
11.4066
10.9384
10.4723
10.008
9.54553
9.08494
8.62615
8.16915
7.71389
7.26036
6.80852
6.35836
5.90986
5.46299
5.01774
4.57407
4.13197
3.69139
3.2523
2.81468
2.37845
1.94361
1.51009
1.07796
0.649286
0.211372
60.261
59.33
57.7942
56.2431
54.7738
53.3346
51.9397
50.6377
49.4539
48.3845
47.4145
46.5284
45.7135
44.9576
44.2481
43.5733
42.9229
42.2889
41.666
41.0504
40.4399
39.8329
39.2287
38.6265
38.0262
37.4274
36.8304
36.235
35.6414
35.0499
34.4607
33.8738
33.2896
32.7081
32.1296
31.5541
30.9817
30.4126
29.8467
29.2842
28.725
28.1692
27.6166
27.0673
26.5212
25.9783
25.4385
24.9018
24.3681
23.8373
23.3095
22.7845
22.2624
21.743
21.2265
20.7126
20.2014
19.6928
19.1868
18.6833
18.1822
17.6836
17.1875
16.6936
16.2022
15.713
15.2261
14.7414
14.2589
13.7785
13.3003
12.8241
12.35
11.8779
11.4078
10.9396
10.4734
10.009
9.54656
9.08593
8.62711
8.17008
7.71479
7.26123
6.80936
6.35917
5.91065
5.46375
5.01848
4.5748
4.13268
3.69208
3.25295
2.81525
2.37885
1.94384
1.50966
1.07848
0.646926
0.209918
59.2516
58.7144
57.4727
55.9861
54.5924
53.3064
52.0513
50.8198
49.6509
48.5726
47.5885
46.6888
45.8608
45.0914
44.3685
43.6803
43.0171
42.3711
41.737
41.1111
40.4912
39.876
39.2649
38.657
38.0524
37.4504
36.8513
36.2546
35.6604
35.0686
34.4794
33.8925
33.3083
32.7267
32.1479
31.5719
30.9989
30.429
29.8624
29.2989
28.7388
28.182
27.6286
27.0785
26.5317
25.9881
25.4478
24.9105
24.3764
23.8452
23.317
22.7917
22.2694
21.7498
21.233
20.7189
20.2075
19.6988
19.1926
18.6889
18.1878
17.689
17.1927
16.6987
16.207
15.7177
15.2306
14.7458
14.2632
13.7827
13.3043
12.828
12.3538
11.8816
11.4114
10.9431
10.4767
10.0122
9.5497
9.08895
8.63005
8.1729
7.71754
7.26387
6.81194
6.36165
5.91306
5.46607
5.02075
4.57699
4.13483
3.69414
3.25492
2.81703
2.38028
1.94489
1.50925
1.07845
0.638164
0.215934
58.439
58.0264
57.0562
55.7733
54.506
53.3372
52.1794
50.9957
49.8309
48.7377
47.7378
46.8272
45.9924
45.2177
44.4889
43.7934
43.1209
42.4641
41.8179
41.1795
40.5472
39.9205
39.2989
38.6823
38.0706
37.4634
36.8606
36.2616
35.6662
35.0741
34.4849
33.8986
33.315
32.734
32.1557
31.5801
31.0073
30.4374
29.8705
29.3068
28.7464
28.1892
27.6353
27.0847
26.5375
25.9935
25.4528
24.9152
24.3807
23.8494
23.321
22.7956
22.273
21.7533
21.2364
20.7223
20.2108
19.702
19.1958
18.6921
18.1909
17.6921
17.1957
16.7016
16.2099
15.7205
15.2333
14.7484
14.2658
13.7852
13.3068
12.8305
12.3562
11.8839
11.4136
10.9453
10.4788
10.0143
9.55164
9.09082
8.63182
8.1746
7.71914
7.26541
6.81337
6.36303
5.91434
5.46731
5.02191
4.57811
4.13587
3.69512
3.25574
2.81766
2.38043
1.94449
1.50655
1.07588
0.623321
0.225486
57.8088
57.4807
56.7079
55.5986
54.4297
53.335
52.2477
51.1135
49.9685
48.8761
47.8706
46.9547
46.1159
45.3374
44.6039
43.902
43.2216
42.5555
41.8993
41.2506
40.6084
39.9724
39.3429
38.7196
38.1025
37.4912
36.8853
36.2842
35.6874
35.0943
34.5046
33.9178
33.3338
32.7524
32.1737
31.5975
31.0241
30.4536
29.8861
29.3216
28.7604
28.2025
27.6479
27.0966
26.5487
26.004
25.4627
24.9246
24.3896
23.8578
23.329
22.8031
22.2802
21.7602
21.243
20.7285
20.2168
19.7077
19.2013
18.6974
18.196
17.697
17.2004
16.7062
16.2143
15.7248
15.2375
14.7526
14.2698
13.7892
13.3107
12.8343
12.3599
11.8875
11.4172
10.9487
10.4822
10.0176
9.55485
9.09395
8.63487
8.17756
7.72203
7.26821
6.81612
6.3657
5.91696
5.46986
5.0244
4.58053
4.1382
3.69735
3.25781
2.81951
2.38183
1.94535
1.50525
1.075
0.612156
0.233785
57.3618
57.088
56.4087
55.3842
54.2705
53.2281
52.2056
51.135
50.0369
48.9718
47.979
47.0667
46.2253
45.4402
44.697
43.9837
43.2911
42.613
41.9457
41.2875
40.6375
39.9954
39.3613
38.7349
38.1156
37.5029
36.8961
36.2942
35.6967
35.1028
34.5123
33.9245
33.3395
32.7571
32.1773
31.6002
31.026
30.4548
29.8868
29.322
28.7606
28.2025
27.6479
27.0967
26.5489
26.0044
25.4632
24.9252
24.3903
23.8585
23.3298
22.8039
22.281
21.7608
21.2435
20.729
20.2171
19.7079
19.2013
18.6972
18.1957
17.6966
17.1999
16.7057
16.2138
15.7242
15.2369
14.7519
14.269
13.7884
13.3099
12.8334
12.359
11.8866
11.4162
10.9477
10.4812
10.0165
9.55378
9.09284
8.63374
8.17641
7.72087
7.26704
6.81494
6.36451
5.91578
5.46867
5.02321
4.5793
4.13695
3.69603
3.25642
2.81803
2.38015
1.94352
1.5023
1.07332
0.604941
0.236098
57.0925
56.8705
56.2691
55.3206
54.2574
53.2446
52.2513
51.2169
50.1546
49.1164
48.1388
47.2308
46.3845
45.5875
44.8278
44.0958
43.3842
42.6889
42.0072
41.3378
40.6799
40.033
39.3962
38.7687
38.1491
37.5363
36.9291
36.3265
35.7275
35.1316
34.5383
33.9475
33.3591
32.7734
32.1904
31.6104
31.0336
30.4602
29.8905
29.3244
28.762
28.2034
27.6485
27.0973
26.5495
26.0052
25.4642
24.9264
24.3917
23.8601
23.3315
22.8057
22.2828
21.7626
21.2453
20.7306
20.2186
19.7092
19.2025
18.6983
18.1966
17.6974
17.2006
16.7063
16.2143
15.7247
15.2374
14.7524
14.2695
13.7888
13.3103
12.8338
12.3594
11.887
11.4165
10.9481
10.4815
10.0168
9.554
9.09305
8.6339
8.17656
7.72097
7.26714
6.81502
6.3646
5.91585
5.46875
5.02326
4.57936
4.13698
3.69607
3.25646
2.81816
2.38033
1.94395
1.50266
1.07546
0.605602
0.233987
57.0555
56.6447
55.9583
55.0837
54.1186
53.1453
52.1558
51.1295
50.0907
49.084
48.1371
47.2537
46.4237
45.634
44.8736
44.1349
43.4137
42.7083
42.0179
41.3424
40.6815
40.0341
39.399
38.7744
38.1582
37.5487
36.9439
36.3427
35.744
35.1473
34.5523
33.9591
33.3679
32.7792
32.1932
31.6105
31.0313
30.456
29.8847
29.3176
28.7545
28.1955
27.6404
27.0892
26.5416
25.9976
25.4568
24.9193
24.3848
23.8534
23.3248
22.799
22.276
21.7558
21.2382
20.7233
20.2111
19.7016
19.1946
18.6902
18.1883
17.689
17.1921
16.6977
16.2057
15.7161
15.2287
14.7437
14.2608
13.7802
13.3017
12.8253
12.3509
11.8785
11.4082
10.9397
10.4732
10.0086
9.54585
9.08494
8.62583
8.16853
7.71297
7.25918
6.80709
6.35672
5.90802
5.46099
5.01559
4.5718
4.12958
3.6889
3.24967
2.81194
2.37509
1.94011
1.5016
1.07664
0.618138
0.216371
58.2214
57.3741
56.2961
55.2747
54.2959
53.3003
52.2563
51.1784
50.1144
49.1087
48.1787
47.3173
46.5061
45.7273
44.9686
44.2234
43.4902
42.7699
42.0642
41.3747
40.7019
40.0452
39.403
38.7733
38.1534
37.541
36.9339
36.3306
35.7298
35.1309
34.5338
33.9385
33.3454
32.7551
32.1678
31.5842
31.0046
30.4292
29.8582
29.2917
28.7295
28.1715
27.6176
27.0675
26.5211
25.9782
25.4385
24.9019
24.3683
23.8376
23.3096
22.7844
22.2618
21.7419
21.2247
20.7101
20.1981
19.6887
19.182
18.6778
18.1762
17.6771
17.1805
16.6863
16.1946
15.7052
15.2181
14.7334
14.2508
13.7705
13.2922
12.8161
12.342
11.8699
11.3998
10.9317
10.4654
10.001
9.53847
9.07775
8.61884
8.1617
7.70632
7.25267
6.80074
6.3505
5.90196
5.45506
5.00982
4.56621
4.12422
3.68383
3.24504
2.80786
2.3722
1.93818
1.50532
1.07464
0.644952
0.206753
64.8476
60.869
57.9186
56.2419
54.741
53.125
51.5815
50.2325
49.065
48.0321
47.1037
46.2646
45.5018
44.7995
44.1401
43.5079
42.891
42.282
41.6766
41.0728
40.4696
39.8667
39.264
38.6614
38.0593
37.458
36.8577
36.2589
35.662
35.0674
34.4753
33.886
33.2996
32.7164
32.1365
31.5599
30.9867
30.4168
29.8504
29.2874
28.7278
28.1715
27.6185
27.0688
26.5223
25.979
25.4388
24.9018
24.3677
23.8367
23.3086
22.7834
22.2611
21.7416
21.2249
20.7108
20.1995
19.6908
19.1847
18.6812
18.1801
17.6815
17.1853
16.6915
16.2001
15.7109
15.224
14.7393
14.2568
13.7764
13.2981
12.822
12.3478
11.8757
11.4056
10.9374
10.4712
10.0068
9.54437
9.08373
8.6249
8.16785
7.71255
7.25898
6.80712
6.35695
5.90843
5.46156
5.0163
4.57264
4.13055
3.69001
3.25099
2.81345
2.37739
1.94271
1.50961
1.07724
0.648522
0.212795
61.5987
59.4757
57.4962
56.0991
54.7268
53.2161
51.7272
50.3864
49.2089
48.165
47.227
46.3766
45.5996
44.8814
44.2066
43.5611
42.9338
42.3168
41.7056
41.0973
40.4907
39.8852
39.2803
38.6761
38.0726
37.47
36.8688
36.2691
35.6714
35.0759
34.483
33.893
33.3059
32.7221
32.1415
31.5644
30.9907
30.4205
29.8538
29.2905
28.7307
28.1743
27.6212
27.0714
26.5249
25.9816
25.4414
24.9043
24.3702
23.8391
23.311
22.7858
22.2634
21.7438
21.227
20.713
20.2016
19.6929
19.1867
18.6831
18.182
17.6833
17.1871
16.6933
16.2017
15.7125
15.2256
14.7409
14.2583
13.7779
13.2996
12.8234
12.3493
11.8771
11.407
10.9388
10.4725
10.0082
9.54567
9.08501
8.62617
8.1691
7.71379
7.26021
6.80833
6.35814
5.90961
5.46272
5.01746
4.57379
4.1317
3.69114
3.2521
2.81455
2.37843
1.94374
1.51045
1.07851
0.650705
0.210966
60.0019
59.1206
57.6569
56.1755
54.7523
53.3393
51.9674
50.692
49.534
48.4851
47.5284
46.6494
45.8363
45.0781
44.3637
43.6822
43.0244
42.3828
41.7523
41.1297
40.5127
39.8998
39.2901
38.683
38.078
37.4749
36.8738
36.2745
35.6774
35.0825
34.49
33.9002
33.3132
32.7293
32.1485
31.571
30.9969
30.4262
29.859
29.2952
28.735
28.1782
27.6249
27.0748
26.5281
25.9846
25.4443
24.9071
24.373
23.8418
23.3136
22.7883
22.2659
21.7463
21.2295
20.7153
20.2039
19.6951
19.1889
18.6852
18.184
17.6853
17.189
16.6951
16.2035
15.7142
15.2272
14.7424
14.2598
13.7794
13.3011
12.8248
12.3506
11.8784
11.4082
10.94
10.4737
10.0093
9.54673
9.08603
8.62715
8.17004
7.7147
7.26108
6.80918
6.35895
5.9104
5.46348
5.0182
4.57451
4.1324
3.69182
3.25273
2.8151
2.37881
1.94395
1.51004
1.07928
0.648994
0.208461
58.9891
58.5037
57.3369
55.9208
54.5728
53.3132
52.0835
50.8823
49.7428
48.6871
47.717
46.8233
45.9948
45.2198
44.4881
43.7893
43.1152
42.4587
41.8152
41.1812
40.5547
39.9339
39.3181
38.7064
38.0984
37.4933
36.8912
36.2915
35.6945
35.0997
34.5076
33.9179
33.331
32.7468
32.1657
31.5876
31.0128
30.4412
29.8731
29.3085
28.7474
28.1897
27.6356
27.0849
26.5376
25.9935
25.4527
24.9151
24.3806
23.8491
23.3207
22.7951
22.2725
21.7527
21.2357
20.7213
20.2098
19.7008
19.1944
18.6906
18.1893
17.6904
17.1939
16.6998
16.2081
15.7187
15.2316
14.7466
14.264
13.7834
13.305
12.8286
12.3543
11.882
11.4118
10.9434
10.477
10.0125
9.54987
9.08906
8.63011
8.1729
7.71749
7.26377
6.8118
6.36149
5.91288
5.46588
5.02055
4.57679
4.13463
3.69395
3.25476
2.81694
2.38029
1.94509
1.50977
1.07968
0.640863
0.213589
58.174
57.8131
56.9187
55.7075
54.4879
53.3476
52.2173
51.0664
49.933
48.8634
47.8772
46.9716
46.1342
45.3515
44.611
43.902
43.216
42.5468
41.8898
41.2427
40.6036
39.9718
39.3465
38.7272
38.1131
37.5039
36.8988
36.2976
35.6996
35.1046
34.5125
33.9232
33.3365
32.7526
32.1715
31.5934
31.0185
30.4468
29.8784
29.3135
28.7521
28.1942
27.6398
27.0889
26.5413
25.9971
25.4563
24.9186
24.384
23.8525
23.324
22.7985
22.2758
21.756
21.2389
20.7246
20.213
19.704
19.1976
18.6937
18.1923
17.6934
17.1968
16.7027
16.2109
15.7214
15.2342
14.7492
14.2664
13.7859
13.3074
12.831
12.3566
11.8843
11.4139
10.9455
10.4791
10.0145
9.55178
9.09091
8.63186
8.1746
7.71909
7.26532
6.81326
6.3629
5.9142
5.46717
5.02176
4.57796
4.13571
3.69496
3.25561
2.81759
2.38048
1.94476
1.50712
1.07748
0.625711
0.222881
57.5413
57.2649
56.5689
55.5336
54.4144
53.3496
52.2912
51.1912
50.0791
49.0108
48.0186
47.1063
46.263
45.4743
44.7267
44.009
43.313
42.6327
41.9647
41.3068
40.658
40.0177
39.3854
38.7605
38.1424
37.5301
36.9229
36.3202
35.7212
35.1254
34.5326
33.9424
33.355
32.7701
32.1881
31.609
31.0331
30.4604
29.8911
29.3254
28.7632
28.2046
27.6496
27.0981
26.5502
26.0056
25.4644
24.9264
24.3916
23.8598
23.3311
22.8053
22.2824
21.7623
21.245
20.7305
20.2186
19.7094
19.2028
18.6987
18.1971
17.698
17.2013
16.707
16.2151
15.7255
15.2382
14.7531
14.2703
13.7896
13.3111
12.8346
12.3602
11.8878
11.4174
10.9489
10.4824
10.0177
9.55497
9.09401
8.63491
8.17755
7.722
7.26814
6.81604
6.36559
5.91686
5.46975
5.0243
4.58041
4.1381
3.69723
3.25774
2.8195
2.38193
1.94568
1.50577
1.07684
0.613665
0.231346
57.0925
56.8705
56.2692
55.3205
54.2572
53.2446
52.2516
51.2173
50.1549
49.1164
48.1384
47.2302
46.3839
45.5871
44.8277
44.0959
43.3846
42.6894
42.0077
41.3382
40.6802
40.0332
39.3962
38.7685
38.1488
37.5361
36.9289
36.3263
35.7273
35.1315
34.5383
33.9475
33.3592
32.7735
32.1905
31.6105
31.0337
30.4603
29.8905
29.3244
28.762
28.2034
27.6484
27.0972
26.5494
26.0051
25.4641
24.9264
24.3917
23.8602
23.3315
22.8058
22.2828
21.7627
21.2453
20.7307
20.2187
19.7093
19.2026
18.6984
18.1967
17.6975
17.2007
16.7063
16.2143
15.7247
15.2374
14.7523
14.2695
13.7888
13.3102
12.8338
12.3594
11.887
11.4165
10.948
10.4815
10.0168
9.554
9.09305
8.6339
8.17656
7.72096
7.26712
6.81499
6.36457
5.91581
5.46872
5.02323
4.57934
4.13697
3.69607
3.25648
2.81818
2.38036
1.94398
1.50269
1.07548
0.605614
0.233993
56.8218
56.652
56.1294
55.2583
54.2453
53.2596
52.293
51.2937
50.268
49.2589
48.2993
47.3985
46.5499
45.7432
44.9681
44.2173
43.486
42.7716
42.0731
41.3901
40.722
40.0681
39.4269
38.7971
38.1764
37.5634
36.9559
36.3528
35.7528
35.1554
34.56
33.9667
33.3756
32.787
32.2012
31.6187
31.0395
30.4643
29.893
29.3258
28.7626
28.2036
27.6484
27.0971
26.5494
26.0053
25.4645
24.927
24.3925
23.8611
23.3325
22.8069
22.2839
21.7638
21.2463
20.7316
20.2195
19.71
19.2031
18.6989
18.197
17.6978
17.201
16.7067
16.2146
15.7251
15.2377
14.7527
14.2699
13.7893
13.3107
12.8343
12.3599
11.8875
11.417
10.9486
10.482
10.0174
9.55448
9.09355
8.63433
8.177
7.72133
7.26751
6.81531
6.36492
5.91611
5.46905
5.02351
4.57964
4.13722
3.69636
3.25674
2.81856
2.3807
1.94453
1.50281
1.07773
0.605265
0.231896
56.7843
56.4252
55.8187
55.0259
54.1189
53.1773
52.2133
51.2167
50.2078
49.2241
48.2912
47.4132
46.5812
45.7834
45.01
44.2551
43.5163
42.7934
42.0872
41.3984
40.727
40.0722
39.4319
38.8041
38.186
37.5753
36.9696
36.3674
35.7673
35.1689
34.5717
33.9761
33.3824
32.791
32.2026
31.6176
31.0364
30.4595
29.8869
29.3188
28.755
28.1957
27.6404
27.0892
26.5416
25.9977
25.4571
24.9197
24.3853
23.854
23.3254
22.7996
22.2766
21.7563
21.2386
20.7237
20.2113
19.7017
19.1946
18.6902
18.1883
17.689
17.1921
16.6978
16.2058
15.7163
15.229
14.744
14.2613
13.7807
13.3023
12.826
12.3517
11.8794
11.409
10.9407
10.4742
10.0096
9.54679
9.08589
8.62675
8.16944
7.71384
7.26004
6.80791
6.35755
5.9088
5.46178
5.01634
4.57258
4.13033
3.68969
3.25047
2.81286
2.37601
1.94126
1.50217
1.07949
0.617788
0.213453
57.9484
57.147
56.1381
55.1951
54.2828
53.336
52.3319
51.2894
50.2525
49.263
48.3393
47.4769
46.6595
45.8707
45.0986
44.3381
43.5886
42.8524
42.1322
41.4304
40.7477
40.0836
39.4361
38.8026
38.1801
37.5657
36.9568
36.3517
35.7489
35.1479
34.5483
33.9506
33.3551
32.7623
32.173
31.5876
31.0065
30.43
29.8582
29.2912
28.7288
28.1708
27.6171
27.0673
26.5212
25.9786
25.4392
24.9028
24.3694
23.8387
23.3108
22.7856
22.263
21.743
21.2257
20.711
20.1989
19.6894
19.1826
18.6783
18.1767
17.6776
17.181
16.6868
16.1952
15.7058
15.2189
14.7342
14.2517
13.7714
13.2933
12.8172
12.3432
11.8712
11.4011
10.933
10.4667
10.0023
9.53981
9.07909
8.62016
8.16301
7.70761
7.25395
6.802
6.35175
5.90318
5.45628
5.01103
4.56742
4.12543
3.68505
3.2463
2.80919
2.37357
1.93965
1.50683
1.07629
0.646913
0.206031
64.8245
60.6885
57.6683
56.0365
54.6035
53.0294
51.5083
50.178
49.0298
48.0147
47.1009
46.2731
45.5186
44.8218
44.1656
43.5347
42.9178
42.3076
41.7003
41.0941
40.4883
39.8827
39.2773
38.6723
38.0679
37.4645
36.8625
36.2623
35.6643
35.0686
34.4757
33.8857
33.2988
32.7151
32.1348
31.5579
30.9844
30.4143
29.8477
29.2845
28.7247
28.1682
27.6151
27.0652
26.5186
25.9752
25.435
24.8978
24.3636
23.8325
23.3043
22.7791
22.2567
21.7371
21.2203
20.7062
20.1948
19.6861
19.1799
18.6763
18.1752
17.6766
17.1804
16.6865
16.195
15.7058
15.2189
14.7342
14.2516
13.7712
13.293
12.8168
12.3426
11.8705
11.4003
10.9322
10.4659
10.0015
9.53904
9.07839
8.61954
8.16248
7.70718
7.25362
6.80176
6.3516
5.90311
5.45627
5.01106
4.56745
4.12544
3.68499
3.2461
2.80874
2.37292
1.93852
1.50598
1.07397
0.647146
0.211039
61.5696
59.2667
57.2149
55.8772
54.5815
53.1121
51.643
50.32
49.163
48.1392
47.2181
46.3808
45.6132
44.901
44.2294
43.585
42.9573
42.3391
41.726
41.1156
40.5068
39.899
39.292
38.6857
38.0803
37.476
36.8733
36.2722
35.6734
35.0769
34.4832
33.8924
33.3047
32.7203
32.1394
31.5619
30.9879
30.4174
29.8505
29.287
28.727
28.1704
27.6172
27.0672
26.5206
25.9771
25.4368
24.8995
24.3653
23.8342
23.3059
22.7806
22.2582
21.7385
21.2217
20.7076
20.1962
19.6874
19.1812
18.6775
18.1764
17.6778
17.1815
16.6877
16.1962
15.7069
15.22
14.7352
14.2527
13.7723
13.294
12.8178
12.3436
11.8715
11.4013
10.9331
10.4669
10.0025
9.53998
9.07931
8.62046
8.16339
7.70809
7.25451
6.80265
6.35248
5.90398
5.45714
5.01192
4.56832
4.1263
3.68585
3.24696
2.80959
2.37375
1.93938
1.50678
1.07527
0.650188
0.208149
59.9695
58.8998
57.3637
55.9543
54.6133
53.2367
51.8785
50.6185
49.4821
48.4559
47.5189
46.6551
45.8526
45.101
44.3897
43.7088
43.0497
42.4061
41.7732
41.1482
40.5289
39.914
39.3025
38.6937
38.0872
37.4828
36.8803
36.2799
35.6816
35.0856
34.4921
33.9014
33.3136
32.729
32.1476
31.5696
30.995
30.424
29.8565
29.2925
28.7321
28.1751
27.6215
27.0713
26.5243
25.9806
25.4401
24.9027
24.3683
23.837
23.3086
22.7831
22.2605
21.7407
21.2237
20.7095
20.1979
19.689
19.1827
18.679
18.1777
17.6789
17.1826
16.6886
16.197
15.7077
15.2207
14.7359
14.2533
13.7729
13.2945
12.8183
12.3441
11.8719
11.4017
10.9334
10.4671
10.0027
9.54019
9.0795
8.62061
8.16352
7.70818
7.25459
6.8027
6.35252
5.904
5.45715
5.01193
4.56832
4.1263
3.68585
3.24694
2.80956
2.37365
1.93927
1.5064
1.07626
0.651173
0.202627
58.9548
58.2813
57.0394
55.6974
54.4351
53.2102
51.9895
50.8016
49.6848
48.6548
47.7079
46.8323
46.0164
45.2489
44.5202
43.8211
43.1445
42.4847
41.8378
41.2007
40.5717
39.9491
39.332
38.7191
38.1102
37.5041
36.901
36.3002
35.7018
35.1057
34.5121
33.9209
33.3326
32.7471
32.1648
31.5857
31.0101
30.4379
29.8694
29.3044
28.7431
28.1852
27.631
27.0801
26.5328
25.9886
25.4477
24.9099
24.3753
23.8437
23.3151
22.7894
22.2666
21.7465
21.2293
20.7148
20.2031
19.6939
19.1875
18.6835
18.1821
17.6831
17.1866
16.6925
16.2008
15.7113
15.2242
14.7392
14.2565
13.7759
13.2975
12.8212
12.3469
11.8746
11.4043
10.936
10.4696
10.0051
9.54248
9.08166
8.62272
8.16551
7.71013
7.25641
6.80449
6.3542
5.90565
5.45871
5.01346
4.56977
4.12773
3.68719
3.24824
2.81072
2.37465
1.94014
1.50656
1.07753
0.647963
0.202831
58.1383
57.5887
56.614
55.4761
54.3468
53.2432
52.1206
50.9824
49.8735
48.8329
47.873
46.9874
46.1632
45.3869
44.6473
43.9351
43.2437
42.5685
41.9064
41.2555
40.6143
39.9817
39.3567
38.7382
38.1252
37.5168
36.9122
36.3107
35.712
35.1158
34.522
33.9307
33.3419
32.7558
32.1728
31.593
31.0165
30.4436
29.8743
29.3087
28.7468
28.1886
27.6341
27.0831
26.5356
25.9914
25.4505
24.9129
24.3783
23.8467
23.3181
22.7925
22.2696
21.7496
21.2323
20.7178
20.2059
19.6967
19.1901
18.686
18.1845
17.6854
17.1888
16.6946
16.2027
15.7132
15.226
14.741
14.2582
13.7776
13.2991
12.8227
12.3484
11.8761
11.4057
10.9374
10.4709
10.0063
9.54366
9.0828
8.62378
8.16652
7.71106
7.2573
6.8053
6.35497
5.90636
5.45938
5.01407
4.57035
4.12825
3.68767
3.24861
2.811
2.37465
1.93995
1.50476
1.07674
0.637117
0.207897
57.5048
57.0389
56.2594
55.2976
54.2736
53.2481
52.197
51.1093
50.0231
48.9865
48.0233
47.133
46.3031
45.5195
44.7697
44.0451
43.3397
42.65
41.9741
41.311
40.6596
40.0192
39.3885
38.7665
38.1513
37.542
36.937
36.3356
35.7368
35.1404
34.5459
33.9536
33.3635
32.776
32.1912
31.6097
31.0315
30.4571
29.8863
29.3196
28.7566
28.1977
27.6424
27.091
26.5431
25.9988
25.4577
24.9199
24.3852
23.8536
23.3248
22.799
22.276
21.7558
21.2383
20.7235
20.2114
19.702
19.1951
18.6909
18.1891
17.6898
17.193
16.6987
16.2066
15.717
15.2296
14.7446
14.2617
13.7811
13.3025
12.8261
12.3516
11.8793
11.4089
10.9405
10.4739
10.0094
9.54657
9.08572
8.62657
8.16932
7.71371
7.25997
6.80783
6.35752
5.90877
5.46181
5.01637
4.57267
4.13043
3.68985
3.25061
2.81296
2.37623
1.94135
1.50418
1.07742
0.62651
0.214532
57.0555
56.6448
55.9587
55.0839
54.1185
53.1452
52.1558
51.1294
50.0904
49.0834
48.1364
47.2531
46.4234
45.6343
44.8743
44.1359
43.4148
42.7091
42.0184
41.3426
40.6812
40.0335
39.3982
38.7734
38.1573
37.5479
36.9434
36.3425
35.7441
35.1476
34.5528
33.9598
33.3687
32.7799
32.1939
31.611
31.0317
30.4563
29.8848
29.3175
28.7543
28.1952
27.6401
27.0889
26.5413
25.9973
25.4566
24.9191
24.3847
23.8533
23.3247
22.799
22.276
21.7558
21.2383
20.7235
20.2113
19.7017
19.1947
18.6903
18.1885
17.6891
17.1922
16.6978
16.2058
15.7161
15.2287
14.7437
14.2608
13.7802
13.3017
12.8252
12.3509
11.8785
11.4081
10.9397
10.4732
10.0086
9.54583
9.08492
8.6258
8.16849
7.71293
7.25912
6.80703
6.35666
5.90796
5.46094
5.01555
4.57178
4.12957
3.68891
3.24968
2.81197
2.37512
1.94014
1.50164
1.07667
0.618164
0.21638
56.7843
56.4253
55.8189
55.0261
54.119
53.1773
52.2132
51.2166
50.2075
49.2237
48.2907
47.4129
46.5812
45.7838
45.0106
44.2558
43.517
42.7939
42.0875
41.3984
40.7268
40.0716
39.4313
38.8034
38.1853
37.5747
36.9692
36.3672
35.7673
35.1691
34.5721
33.9766
33.3829
32.7916
32.2031
31.618
31.0368
30.4597
29.887
29.3188
28.7549
28.1955
27.6402
27.0889
26.5414
25.9975
25.4569
24.9195
24.3852
23.8539
23.3253
22.7996
22.2765
21.7563
21.2386
20.7237
20.2114
19.7018
19.1947
18.6903
18.1884
17.6891
17.1922
16.6978
16.2058
15.7163
15.229
14.7441
14.2613
13.7808
13.3023
12.826
12.3516
11.8794
11.409
10.9407
10.4741
10.0096
9.54677
9.08588
8.62672
8.16942
7.71381
7.26001
6.80787
6.35751
5.90877
5.46176
5.01633
4.57257
4.13033
3.68969
3.25047
2.81287
2.37603
1.94128
1.50219
1.0795
0.617797
0.213457
56.7468
56.1904
55.4919
54.7735
53.9762
53.0905
52.1423
51.1566
50.1656
49.2033
48.2907
47.4291
46.6085
45.8163
45.0431
44.2844
43.5395
42.8099
42.0979
41.4047
40.731
40.0752
39.4357
38.8092
38.1929
37.5836
36.9791
36.3771
35.7769
35.1775
34.579
33.9815
33.3859
32.7926
32.2024
31.6157
31.0333
30.4552
29.8819
29.3131
28.7492
28.1895
27.6343
27.083
26.5355
25.9915
25.4509
24.9133
24.3789
23.8472
23.3185
22.7924
22.2691
21.7484
21.2306
20.7153
20.2028
19.6929
19.1858
18.6811
18.1793
17.6799
17.1832
16.6888
16.1971
15.7075
15.2205
14.7356
14.2531
13.7727
13.2945
12.8182
12.3442
11.872
11.4019
10.9335
10.4673
10.0027
9.54015
9.07923
8.62029
8.16294
7.70755
7.25371
6.80178
6.35136
5.90282
5.45577
5.01056
4.56679
4.12481
3.68424
3.24543
2.80811
2.37211
1.93834
1.50145
1.08133
0.628834
0.198434
57.9204
56.9474
55.8543
54.9525
54.1134
53.216
52.2428
51.2291
50.2223
49.259
48.3552
47.505
46.6935
45.9048
45.1295
44.3636
43.6084
42.8668
42.1427
41.4382
40.7545
40.09
39.4432
38.8102
38.1884
37.5738
36.9646
36.3582
35.754
35.1509
34.5494
33.9494
33.352
32.7574
32.1668
31.5802
30.9984
30.4214
29.8496
29.2825
28.7204
28.1626
27.6093
27.0597
26.514
25.9715
25.4323
24.8959
24.3626
23.8318
23.3039
22.7785
22.2559
21.7357
21.2184
20.7036
20.1915
19.682
19.1753
18.6711
18.1697
17.6707
17.1744
16.6804
16.189
15.6999
15.2133
14.7288
14.2466
13.7665
13.2886
12.8127
12.3389
11.867
11.3971
10.9291
10.463
9.99865
9.53624
9.07556
8.61673
8.15961
7.7043
7.25067
6.7988
6.34859
5.9001
5.45324
5.00808
4.56452
4.12263
3.68233
3.24371
2.8067
2.37131
1.9376
1.50553
1.07547
0.649437
0.204204
65.9942
61.4195
58.0749
56.298
54.7977
53.1783
51.6241
50.2749
49.1215
48.1109
47.2068
46.3898
45.6442
44.9524
44.2969
43.6628
43.0398
42.4217
41.8055
41.19
40.575
39.9604
39.3463
38.7329
38.1206
37.51
36.9015
36.2956
35.6925
35.0924
34.4956
33.9022
33.3124
32.7263
32.1438
31.565
30.9899
30.4185
29.8507
29.2866
28.726
28.1689
27.6153
27.065
26.5181
25.9744
25.4339
24.8966
24.3623
23.8311
23.3029
22.7776
22.2551
21.7355
21.2187
20.7047
20.1933
19.6846
19.1784
18.6749
18.1738
17.6752
17.179
16.6851
16.1937
15.7045
15.2175
14.7328
14.2503
13.7699
13.2916
12.8154
12.3413
11.8692
11.399
10.9308
10.4646
10.0002
9.53768
9.07701
8.61816
8.16109
7.70578
7.25221
6.80035
6.35019
5.9017
5.45488
5.00969
4.56612
4.12416
3.68378
3.24499
2.80776
2.37211
1.93794
1.50556
1.07395
0.645925
0.212267
62.7591
60.0199
57.6016
56.0967
54.7455
53.2455
51.7484
50.4065
49.2439
48.2254
47.3152
46.49
45.7322
45.0256
44.3553
43.7081
43.0745
42.4483
41.826
41.2059
40.5873
39.9699
39.3535
38.7384
38.1248
37.5131
36.9037
36.2969
35.693
35.0922
34.4948
33.9009
33.3106
32.724
32.1412
31.5622
30.987
30.4155
29.8478
29.2837
28.7232
28.1662
27.6127
27.0625
26.5157
25.9721
25.4318
24.8945
24.3604
23.8292
23.3011
22.7758
22.2535
21.734
21.2172
20.7032
20.1919
19.6833
19.1772
18.6737
18.1726
17.6741
17.1779
16.6842
16.1928
15.7036
15.2167
14.7321
14.2496
13.7692
13.291
12.8148
12.3407
11.8686
11.3985
10.9303
10.4641
9.99976
9.53728
9.07664
8.61781
8.16076
7.70547
7.25193
6.80009
6.34996
5.9015
5.45469
5.00953
4.56599
4.12405
3.6837
3.24493
2.80772
2.3721
1.93797
1.50571
1.0742
0.647314
0.210576
61.1522
59.6411
57.7069
56.129
54.7539
53.3622
51.978
50.694
49.5456
48.5192
47.5895
46.7358
45.943
45.1983
44.4905
43.8096
43.1476
42.4988
41.8593
41.2265
40.5991
39.9758
39.3561
38.7393
38.1252
37.5138
36.905
36.2988
35.6956
35.0953
34.4982
33.9044
33.3141
32.7274
32.1443
31.565
30.9895
30.4177
29.8496
29.2852
28.7245
28.1673
27.6136
27.0633
26.5163
25.9726
25.4322
24.8948
24.3605
23.8292
23.301
22.7756
22.2531
21.7335
21.2166
20.7025
20.1911
19.6823
19.1762
18.6726
18.1715
17.6729
17.1767
16.6829
16.1914
15.7023
15.2154
14.7307
14.2482
13.7679
13.2897
12.8135
12.3394
11.8673
11.3972
10.929
10.4628
9.99848
9.53602
9.07538
8.61656
8.15952
7.70425
7.2507
6.79889
6.34876
5.90033
5.45354
5.0084
4.56488
4.12298
3.68265
3.24392
2.80675
2.37118
1.93712
1.50507
1.07388
0.648404
0.206989
60.1296
59.0099
57.3723
55.8788
54.5953
53.3525
52.0944
50.8716
49.7365
48.7042
47.765
46.9011
46.0965
45.337
44.612
43.9124
43.232
42.5659
41.9111
41.2655
40.6277
39.9965
39.3712
38.7507
38.1347
37.5222
36.9133
36.3073
35.7044
35.1042
34.5073
33.9132
33.3226
32.7353
32.1516
31.5716
30.9954
30.4228
29.8543
29.2893
28.7283
28.1708
27.6169
27.0665
26.5195
25.9758
25.4353
24.8979
24.3637
23.8324
23.3041
22.7786
22.2561
21.7363
21.2193
20.705
20.1935
19.6846
19.1783
18.6745
18.1733
17.6745
17.1782
16.6843
16.1928
15.7035
15.2166
14.7318
14.2493
13.7688
13.2906
12.8144
12.3403
11.8681
11.398
10.9297
10.4635
9.99908
9.53658
9.07588
8.61702
8.15991
7.7046
7.251
6.79915
6.34897
5.9005
5.45367
5.00852
4.56496
4.12305
3.6827
3.24396
2.80678
2.37121
1.93722
1.50527
1.07438
0.649546
0.20487
59.3093
58.3191
56.9506
55.6624
54.5102
53.3805
52.2108
51.0327
49.9067
48.8694
47.9237
47.0557
46.2457
45.478
44.7399
44.0237
43.3241
42.6385
41.965
41.3033
40.6521
40.0111
39.3787
38.7543
38.136
37.5234
36.9147
36.31
35.7079
35.109
34.5124
33.9188
33.3279
32.7403
32.1558
31.5751
30.9979
30.4248
29.8554
29.2902
28.7286
28.1711
27.617
27.0668
26.5198
25.9764
25.436
24.899
24.3648
23.8338
23.3055
22.7803
22.2576
21.7379
21.2208
20.7065
20.1948
19.6858
19.1793
18.6755
18.174
17.6752
17.1787
16.6848
16.1931
15.7039
15.2168
14.7321
14.2494
13.7691
13.2908
12.8147
12.3405
11.8684
11.3982
10.9301
10.4637
9.99938
9.53678
9.07614
8.61719
8.16013
7.70472
7.25116
6.79922
6.34908
5.90053
5.45374
5.00851
4.565
4.12302
3.68272
3.24392
2.80678
2.37116
1.93725
1.50506
1.07448
0.648433
0.204531
58.6733
57.7702
56.5952
55.4791
54.431
53.3774
52.2748
51.1444
50.0433
49.0154
48.0739
47.2073
46.3963
45.6224
44.8732
44.1411
43.4231
42.7181
42.0267
41.3491
40.6856
40.0352
39.3972
38.7693
38.1502
37.5375
36.93
36.3261
35.7251
35.1263
34.5298
33.9354
33.3435
32.7542
32.1683
31.5857
31.007
30.4323
29.8618
29.2953
28.7332
28.175
27.6208
27.0703
26.5235
25.9801
25.4401
24.9031
24.3692
23.8382
23.3102
22.7848
22.2623
21.7424
21.2253
20.7107
20.1989
19.6896
19.183
18.6788
18.1773
17.6782
17.1817
16.6875
16.1958
15.7063
15.2193
14.7344
14.2518
13.7714
13.2931
12.8169
12.3428
11.8706
11.4005
10.9322
10.4659
10.0015
9.53896
9.07819
8.61929
8.16211
7.70674
7.25306
6.80115
6.3509
5.90238
5.45549
5.01029
4.56668
4.12473
3.68433
3.24557
2.80835
2.37274
1.93872
1.50624
1.07553
0.6473
0.206473
58.2214
57.3742
56.2965
55.2752
54.2962
53.3004
52.2559
51.1774
50.113
49.1072
48.1777
47.317
46.5068
45.7288
44.9706
44.2255
43.492
42.7711
42.0646
41.3743
40.7007
40.0435
39.4011
38.7713
38.1517
37.5397
36.9332
36.3304
35.7301
35.1317
34.5348
33.9398
33.3468
32.7563
32.1689
31.5851
31.0052
30.4296
29.8583
29.2915
28.7291
28.171
27.617
27.067
26.5206
25.9777
25.438
24.9016
24.368
23.8374
23.3095
22.7844
22.2619
21.742
21.2249
20.7103
20.1983
19.689
19.1822
18.678
18.1764
17.6773
17.1806
16.6864
16.1947
15.7053
15.2182
14.7334
14.2509
13.7705
13.2922
12.8161
12.342
11.8699
11.3998
10.9316
10.4654
10.001
9.53842
9.0777
8.61878
8.16163
7.70624
7.25258
6.80065
6.35042
5.90188
5.455
5.00978
4.56619
4.12422
3.68384
3.24506
2.80789
2.37224
1.93822
1.50535
1.07467
0.644968
0.206755
57.9484
57.1471
56.1383
55.1954
54.283
53.3359
52.3316
51.2887
50.2515
49.2619
48.3386
47.4767
46.6601
45.8719
45.1002
44.3398
43.5901
42.8534
42.1326
41.4301
40.7468
40.0822
39.4345
38.801
38.1786
37.5645
36.9561
36.3514
35.749
35.1484
34.5491
33.9516
33.3561
32.7634
32.1739
31.5884
31.0071
30.4304
29.8584
29.2912
28.7286
28.1705
27.6167
27.0669
26.5208
25.9781
25.4388
24.9025
24.3691
23.8386
23.3107
22.7855
22.263
21.7431
21.2258
20.7111
20.199
19.6896
19.1827
18.6785
18.1768
17.6777
17.1811
16.687
16.1953
15.7059
15.2189
14.7342
14.2518
13.7715
13.2933
12.8172
12.3432
11.8712
11.4011
10.9329
10.4667
10.0023
9.53977
9.07904
8.62011
8.16295
7.70755
7.25388
6.80194
6.35169
5.90313
5.45624
5.01101
4.5674
4.12543
3.68506
3.24632
2.80921
2.3736
1.93968
1.50685
1.0763
0.646911
0.206032
57.9204
56.9474
55.8544
54.9525
54.1134
53.2159
52.2426
51.2288
50.2218
49.2586
48.3549
47.505
46.6938
45.9054
45.1303
44.3644
43.6091
42.8673
42.1429
41.4381
40.754
40.0894
39.4424
38.8094
38.1876
37.5732
36.9642
36.358
35.754
35.1511
34.5498
33.9499
33.3525
32.7579
32.1672
31.5806
30.9987
30.4216
29.8497
29.2825
28.7203
28.1625
27.6091
27.0595
26.5138
25.9713
25.4321
24.8958
24.3625
23.8318
23.3039
22.7785
22.2559
21.7358
21.2184
20.7036
20.1916
19.6821
19.1754
18.6712
18.1698
17.6708
17.1744
16.6805
16.1891
15.7
15.2133
14.7288
14.2466
13.7665
13.2886
12.8127
12.3389
11.867
11.3971
10.9291
10.463
9.99864
9.53622
9.07554
8.61671
8.15959
7.70428
7.25064
6.79878
6.34856
5.90008
5.45322
5.00807
4.56451
4.12263
3.68233
3.24371
2.8067
2.37132
1.93761
1.50553
1.07547
0.64943
0.204204
59.0819
57.6661
56.2267
55.1879
54.3076
53.3773
52.3678
51.3307
50.3188
49.3639
48.4705
47.6276
46.8163
46.022
45.2361
44.4572
43.6879
42.9334
42.1974
41.4834
40.7912
40.1204
39.4674
38.8297
38.2027
37.584
36.9699
36.3596
35.751
35.1444
34.5394
33.937
33.3373
32.7415
32.1498
31.5631
30.9813
30.4051
29.8339
29.2681
28.7068
28.1505
27.598
27.0497
26.5046
25.9631
25.4244
24.8888
24.3558
23.8256
23.2978
22.7728
22.2503
21.7305
21.2133
20.6989
20.1869
19.6779
19.1714
18.6676
18.1664
17.6679
17.1718
16.6783
16.1872
15.6985
15.2121
14.728
14.246
13.7663
13.2885
12.8129
12.3392
11.8676
11.3977
10.9299
10.4638
9.99968
9.53728
9.07675
8.61792
8.16092
7.7056
7.25208
6.8002
6.35009
5.9016
5.45484
5.00969
4.56623
4.12436
3.68417
3.24555
2.80861
2.37318
1.93937
1.50724
1.07599
0.648563
0.209667
)
;

boundaryField
{
    inlet
    {
        type            zeroGradient;
    }
    outlet
    {
        type            fixedValue;
        value           uniform 0;
    }
    Wall
    {
        type            zeroGradient;
    }
}


// ************************************************************************* //
